22 0.500958 0.939154 0.629453 0.121692 0.96056
1 0.501651 0.0809448 0.991448 0.0874358 0.959635
0 0.500099 0.852488 0.458025 0.031231 0.942538
32 0.495265 0.0314044 0.604863 0.0106961 0.902903
26 0.221981 0.937102 0.0145428 0.00516111 0.895639
17 0.29529 0.0323522 0.0900884 0.00660421 0.895375
2 0.986461 0.413291 0.0218503 0.0274434 0.891453
3 0.519186 0.00454947 0.678558 0.00897553 0.890721
4 0.401199 0.032414 0.0916946 0.00609475 0.876091
23 0.248833 0.904742 0.0698222 0.00305761 0.8445
5 0.708972 0.0215588 0.213263 0.00804483 0.836305
12 0.483481 0.0323496 0.0433729 0.00379425 0.834289
30 0.220167 0.00421787 0.0750488 0.00635829 0.826379
8 0.202876 0.0323575 0.0225945 0.00311004 0.80443
9 0.792043 0.0132882 0.0475847 0.00342082 0.787796
10 0.698185 0.0323839 0.0507187 0.00371989 0.776449
19 0.250015 0.916324 0.0704794 0.00292774 0.750746
21 0.232138 0.896663 0.0356512 0.00285783 0.748138
21 0.231519 0.986882 0.0344783 0.00286457 0.722267
11 0.583256 0.0322582 0.0312555 0.00354645 0.711243
23 0.249948 0.974538 0.0694721 0.00262912 0.703526
33 0.273643 0.92086 0.120175 0.00341646 0.670673
21 0.231695 0.954903 0.0358708 0.00316851 0.619587
27 0.505363 0.937152 0.0145848 0.00524272 0.596225
21 0.231836 0.97092 0.0353804 0.00288054 0.588571
5 0.80061 0.0214975 0.0114442 0.00411359 0.538761
23 0.248178 0.958619 0.0727313 0.00342498 0.448698
23 0.248834 0.990891 0.0710973 0.00296047 0.173176
5 0.984031 0.992521 0.018508 0.00645535 0.109877
