2 0.010699588477366255 0.77734375 0.02139917695473251 0.0734375
3 0.4728395061728395 0.9875 0.68559670781893 0.025
9 0.20987654320987653 0.9640625 0.047736625514403296 0.0109375
32 0.5074074074074074 0.915625 0.6008230452674898 0.0296875
8 0.7942386831275721 0.91171875 0.023045267489711935 0.00859375
4 0.5954732510288065 0.91171875 0.09135802469135802 0.0171875
12 0.5152263374485597 0.91171875 0.0411522633744856 0.009375
11 0.41646090534979424 0.91171875 0.03292181069958848 0.009375
10 0.30246913580246915 0.91171875 0.05102880658436214 0.01171875
31 0.6950617283950618 0.87734375 0.05102880658436214 0.01171875
31 0.6893004115226338 0.85234375 0.12674897119341563 0.01953125
4 0.6362139917695473 0.786328125 0.1308641975308642 0.01015625
34 0.6234567901234568 0.77109375 0.10864197530864197 0.01015625
16 0.6407407407407407 0.69140625 0.07489711934156379 0.01171875
12 0.6847736625514403 0.62734375 0.0345679012345679 0.009375
11 0.6860082304526749 0.447265625 0.03292181069958848 0.00859375
10 0.6765432098765433 0.430078125 0.04938271604938271 0.00859375