0 0.4997119341563786 0.5826796875 0.45344855967078196 0.08896875000000008
22 0.49981893004115224 0.7933749999999999 0.6304773662551441 0.27931249999999963
26 0.2253827160493827 0.8319375000000001 0.014732510288065825 0.014414062499999858
29 0.22517695473251026 0.8550625000000001 0.013744855967078227 0.014203125000000228
28 0.5070781893004115 0.8323125000000001 0.013999999999999993 0.014070312500000171
27 0.5065514403292182 0.85471875 0.014115226337448635 0.013523437500000313
31 0.4613333333333333 0.9003125000000001 0.04954732510288069 0.008226562499999802
34 0.3605514403292181 0.9003359374999998 0.03155555555555558 0.009054687500000113
33 0.2768971193415638 0.801171875 0.12008230452674895 0.008210937500000171
19 0.25209876543209875 0.7894140624999999 0.06991769547325107 0.007374999999999687
21 0.235522633744856 0.7028671875000001 0.03501234567901232 0.007421875
23 0.2527160493827161 0.7138750000000001 0.07055967078189301 0.008421874999999801
20 0.25332510288065846 0.7676796875 0.0735308641975309 0.009257812500000285
25 0.2034650205761317 0.9756250000000002 0.030213991769547307 0.02893749999999997