2 0.9893004115226337 0.22265625 0.02139917695473251 0.0734375
3 0.5273168724279835 0.012453124999999999 0.6854814814814816 0.024906249999999998
9 0.7902716049382715 0.036078125 0.04781893004115219 0.010820312499999995
32 0.49250205761316873 0.0843125 0.6005761316872429 0.02957812499999999
8 0.20590946502057614 0.088453125 0.023020576131687266 0.00885156250000001
4 0.40438683127572017 0.088453125 0.09142386831275724 0.017140625
12 0.48477366255144033 0.0881953125 0.041530864197530895 0.009375
11 0.5837201646090535 0.0881953125 0.033119341563786014 0.009375
10 0.6976625514403292 0.088296875 0.051440329218107 0.011648437499999997
31 0.3050123456790123 0.1228515625 0.05094650205761315 0.011335937499999994
31 0.31051851851851847 0.1477109375 0.12636213991769546 0.01961718750000001
4 0.36389300411522635 0.2136015625 0.1305020576131687 0.010484374999999968
34 0.37650205761316874 0.229046875 0.1087818930041152 0.010281249999999974
16 0.359201646090535 0.30860937499999996 0.07527572016460908 0.01193749999999998
12 0.3153827160493827 0.3725390625 0.0345679012345679 0.009242187500000032
11 0.3140164609053498 0.5526171875 0.03293827160493826 0.008835937499999957
10 0.32351440329218106 0.569921875 0.04974485596707814 0.008218749999999986