2 0.7921810699588477 0.964453125 0.07736625514403292 0.0203125
9 0.9888888888888889 0.775390625 0.011522633744855968 0.0453125
32 0.9378600823045268 0.49296875 0.031275720164609055 0.5703125
8 0.9337448559670782 0.220703125 0.00905349794238683 0.021875
4 0.9337448559670782 0.409375 0.01810699588477366 0.08671875
12 0.9337448559670782 0.485546875 0.009876543209876543 0.0390625
11 0.9337448559670782 0.579296875 0.009876543209876543 0.03125
10 0.9337448559670782 0.6875 0.012345679012345678 0.0484375
31 0.897119341563786 0.31484375 0.012345679012345678 0.0484375
31 0.8711934156378601 0.3203125 0.0205761316872428 0.1203125
4 0.8016460905349794 0.370703125 0.010699588477366255 0.12421875
34 0.7855967078189301 0.3828125 0.010699588477366255 0.103125
16 0.7016460905349794 0.36640625 0.012345679012345678 0.07109375
12 0.6341563786008231 0.324609375 0.009876543209876543 0.0328125
11 0.4444444444444444 0.3234375 0.00905349794238683 0.03125
10 0.42633744855967076 0.332421875 0.00905349794238683 0.046875