0 0.5004115226337449 0.4171875 0.4534979423868313 0.0890625
22 0.5 0.206640625 0.6304526748971193 0.2796875
26 0.7744855967078189 0.16796875 0.014814814814814815 0.0140625
29 0.7748971193415638 0.144921875 0.013991769547325103 0.0140625
28 0.49300411522633747 0.167578125 0.013991769547325103 0.0140625
27 0.4934156378600823 0.1453125 0.013991769547325103 0.01328125
31 0.5386831275720164 0.099609375 0.04938271604938271 0.00859375
34 0.6395061728395062 0.099609375 0.031275720164609055 0.009375
33 0.723045267489712 0.198828125 0.12016460905349795 0.00859375
19 0.7477366255144033 0.210546875 0.06995884773662552 0.00703125
21 0.7646090534979424 0.297265625 0.03539094650205761 0.0078125
23 0.7473251028806585 0.2859375 0.07078189300411522 0.00859375
20 0.7465020576131687 0.232421875 0.07325102880658436 0.009375
25 0.7967078189300412 0.02421875 0.030452674897119343 0.02890625