0 0.41275720164609053 0.499609375 0.09382716049382717 0.43046875
22 0.19094650205761318 0.5 0.2946502057613169 0.5984375
26 0.15020576131687244 0.239453125 0.014814814814814815 0.0140625
29 0.1259259259259259 0.2390625 0.014814814814814815 0.01328125
28 0.14979423868312758 0.506640625 0.014814814814814815 0.01328125
27 0.12633744855967077 0.50625 0.013991769547325103 0.01328125
31 0.07818930041152264 0.46328125 0.00905349794238683 0.046875
34 0.07818930041152264 0.367578125 0.009876543209876543 0.0296875
33 0.18271604938271604 0.28828125 0.00905349794238683 0.1140625
19 0.19506172839506172 0.26484375 0.007407407407407408 0.06640625
21 0.28641975308641976 0.248828125 0.00823045267489712 0.03359375
23 0.2744855967078189 0.265234375 0.00905349794238683 0.0671875
20 0.21810699588477367 0.266015625 0.009876543209876543 0.06953125
25 0.0069958847736625515 0.218359375 0.013991769547325103 0.02890625