3 0.594282848545637 0.008984375 0.8094282848545636 0.01640625
30 0.9653961885656971 0.006640625 0.06018054162487462 0.01171875
5 0.2978936810431294 0.04375 0.1815446339017051 0.01953125
5 0.21915747241725175 0.04296875 0.01805416248746239 0.015625
32 0.4989969909729188 0.071875 0.5626880641925778 0.02265625
8 0.7673019057171514 0.07265625 0.023069207622868605 0.00546875
17 0.6890672016048145 0.072265625 0.08826479438314945 0.015625
4 0.5842527582748245 0.07265625 0.07723169508525576 0.01640625
12 0.5 0.072265625 0.04312938816449348 0.0078125
15 0.25376128385155466 0.072265625 0.06318956870611836 0.00859375
1 0.5005015045135406 0.140625 0.5626880641925778 0.10859375
16 0.574222668004012 0.27421875 0.04513540621865597 0.00703125
4 0.4929789368104313 0.397265625 0.18355065195586762 0.0125
10 0.6148445336008024 0.48203125 0.05616850551654965 0.0078125
11 0.49247743229689067 0.529296875 0.0732196589769308 0.0109375
2 0.015045135406218655 0.1109375 0.03009027081243731 0.02421875