3 0.40580742226680044 0.0091640625 0.809147442326981 0.0163984375
30 0.03436308926780341 0.006750000000000001 0.060050150451354055 0.011570312500000002
5 0.7022066198595788 0.0436484375 0.1815145436308927 0.019546875
5 0.7808425275827482 0.0431640625 0.018405215646940733 0.015960937500000005
32 0.5008324974924774 0.0719921875 0.562517552657974 0.022804687499999997
8 0.23253761283851554 0.072484375 0.023420260782347064 0.005539062500000002
17 0.3111634904714143 0.07215625 0.08783350050150444 0.015960937500000005
4 0.4155165496489468 0.072484375 0.07737211634904713 0.01661718750000001
12 0.5002006018054163 0.07215625 0.04265797392176527 0.00814062499999999
15 0.7461283851554664 0.0723203125 0.06273821464393176 0.008468750000000002
1 0.49957873620862586 0.14072656249999999 0.562517552657974 0.10880468749999998
16 0.4259679037111334 0.2741328125 0.045586760280842575 0.006843749999999993
4 0.506900702106319 0.3971015625 0.18402206619859582 0.012382812500000017
10 0.3851955867602809 0.48196874999999995 0.05603811434302909 0.008140625000000058
11 0.5075225677031093 0.529203125 0.07318956870611838 0.010749999999999992
2 0.9850150451354062 0.11079687499999999 0.02996990972918767 0.024031249999999994