28 0.3676028084252758 0.015625 0.020060180541624874 0.01640625
27 0.23019057171514543 0.182421875 0.015045135406218655 0.0109375
29 0.5987963891675026 0.101171875 0.03510531594784353 0.0203125
29 0.7472417251755266 0.244140625 0.03610832497492478 0.02109375
29 0.6484453360080241 0.244140625 0.03510531594784353 0.0203125
29 0.549147442326981 0.24375 0.03510531594784353 0.01953125
29 0.45035105315947843 0.24375 0.03610832497492478 0.0203125
0 0.5005015045135406 0.4578125 0.5797392176529589 0.04453125
22 0.5010030090270813 0.794140625 0.5817452357071213 0.23359375
31 0.7151454363089268 0.8984375 0.048144433299899696 0.00625
34 0.7607823470411234 0.8984375 0.0320962888665998 0.00625
25 0.7723169508525577 0.980859375 0.03009027081243731 0.02421875
30 0.7031093279839519 0.9796875 0.09227683049147442 0.0171875
21 0.7562688064192578 0.733984375 0.037111334002006016 0.00703125
20 0.7377131394182548 0.815234375 0.07422266800401203 0.0078125
19 0.7387161484453361 0.82265625 0.0732196589769308 0.00703125
33 0.7176529588766299 0.83984375 0.11434302908726178 0.00625