27 0.9077231695085256 0.71015625 0.014042126379137413 0.01171875
29 0.8284854563691073 0.307421875 0.02708124373119358 0.028125
29 0.8284854563691073 0.384375 0.026078234704112337 0.02734375
29 0.8289869608826479 0.46171875 0.025075225677031094 0.02734375
29 0.8289869608826479 0.538671875 0.026078234704112337 0.028125
0 0.5541624874623872 0.499609375 0.05717151454363089 0.4515625
22 0.13590772316950853 0.49921875 0.27181544633901705 0.453125
21 0.1995987963891675 0.300390625 0.009027081243731194 0.02890625
20 0.09528585757271815 0.31484375 0.010030090270812437 0.0578125
19 0.08575727181544635 0.3140625 0.009027081243731194 0.05703125
33 0.06369107321965897 0.33046875 0.00802407221664995 0.0890625