28 0.6321564694082247 0.015726562500000086 0.019658976930792285 0.01628906249999993
27 0.7697592778335005 0.18252343750000008 0.014633901705115264 0.011078124999999873
29 0.4012938816449348 0.10107812500000009 0.03554663991975922 0.02019531249999993
29 0.2528184553660983 0.24408593750000004 0.036389167502507494 0.020851562500000042
29 0.35173520561685057 0.24408593750000004 0.03513540621865594 0.02019531249999993
29 0.4510631895687061 0.24392968750000002 0.03471414242728186 0.019875000000000042
29 0.5495586760280842 0.24392968750000002 0.0359679037111333 0.020523437499999984
0 0.4995787362086259 0.457625 0.5792477432296891 0.044632812500000084
22 0.49900702106318956 0.79421875 0.5815446339017051 0.23362499999999997
31 0.28502507522567705 0.8982734375 0.04851554663991976 0.006492187500000313
34 0.2393480441323972 0.8982734375 0.03221664994984955 0.006492187500000313
25 0.22779338014042128 0.98078125 0.030320962888666016 0.023914062499999743
30 0.2967703109327984 0.9796015624999999 0.09247743229689072 0.01682812499999997
21 0.24352056168505518 0.7339765624999999 0.03676028084252756 0.006789062499999688
20 0.2620962888665998 0.8153124999999999 0.07466399197592773 0.007671874999999773
19 0.2611434302908726 0.8228437499999999 0.07276830491474419 0.006789062499999688
33 0.28255767301905715 0.8396718750000002 0.1148445336008024 0.006203124999999687