0 0.50859375 0.808993399339934 0.5557291666666667 0.09570957095709572
22 0.49973958333333335 0.41542904290429045 0.5833333333333334 0.4760726072607261
21 0.75625 0.5383663366336634 0.0375 0.013201320132013201
23 0.7388020833333333 0.5061881188118812 0.0734375 0.014026402640264026
20 0.7377604166666667 0.3741749174917492 0.075 0.014026402640264026
19 0.7393229166666667 0.3584983498349835 0.07239583333333334 0.01155115511551155
33 0.7169270833333333 0.3263201320132013 0.11510416666666666 0.013201320132013201
31 0.7151041666666667 0.2042079207920792 0.04583333333333333 0.010726072607260726
34 0.7598958333333333 0.20503300330033003 0.030208333333333334 0.013201320132013201
25 0.7723958333333333 0.037541254125412545 0.03125 0.04867986798679868
30 0.7028645833333333 0.04207920792079208 0.09322916666666667 0.03382838283828383