0 0.6950520833333333 0.4863861386138614 0.06041666666666667 0.8803630363036303
22 0.4466145833333333 0.5004125412541254 0.30052083333333335 0.9240924092409241
21 0.52421875 0.09405940594059406 0.008333333333333333 0.0594059405940594
23 0.50390625 0.1216996699669967 0.008333333333333333 0.11633663366336634
20 0.4205729166666667 0.12334983498349834 0.008854166666666666 0.1188118811881188
19 0.41067708333333336 0.12087458745874588 0.007291666666666667 0.11468646864686469
33 0.39036458333333335 0.15635313531353134 0.008333333333333333 0.18234323432343233
31 0.31328125 0.15924092409240925 0.0067708333333333336 0.07260726072607261
34 0.3138020833333333 0.08828382838283828 0.008333333333333333 0.04785478547854786
25 0.20807291666666666 0.06848184818481848 0.030729166666666665 0.04950495049504951
30 0.2109375 0.17863036303630364 0.021354166666666667 0.1476897689768977