3 0.8041666666666667 0.5 0.022916666666666665 1
5 0.7609375 0.8217821782178217 0.022916666666666665 0.2854785478547855
5 0.76015625 0.9447194719471947 0.0109375 0.014026402640264026
32 0.7208333333333333 0.49958745874587457 0.027083333333333334 0.9133663366336634
8 0.7223958333333333 0.07590759075907591 0.008854166666666666 0.033003300330033
17 0.7223958333333333 0.19966996699669967 0.020833333333333332 0.13613861386138615
4 0.721875 0.3688118811881188 0.022395833333333334 0.11633663366336634
12 0.721875 0.5004125412541254 0.009895833333333333 0.0627062706270627
15 0.72265625 0.8923267326732673 0.011458333333333333 0.09983498349834984
17 0.603125 0.32838283828382836 0.015625 0.5247524752475248
17 0.5604166666666667 0.2561881188118812 0.010416666666666666 0.10313531353135313
10 0.41041666666666665 0.11633663366336634 0.011979166666666667 0.08663366336633663
16 0.3145833333333333 0.11056105610561057 0.013020833333333334 0.07838283828382839