3 0.49918229166666656 0.018325082508250826 0.9948333333333333 0.03614686468646865
30 0.035062499999999996 0.013193069306930693 0.05794791666666666 0.021765676567656767
2 0.984765625 0.2267986798679868 0.030463541666666552 0.05179867986798677
5 0.7031562499999999 0.08678217821782179 0.18039062499999994 0.036625412541254114
5 0.7806614583333332 0.08783828382838284 0.008953125000000029 0.017599009900990108
32 0.49979687500000003 0.15004950495049507 0.5764375 0.0428300330033003
8 0.23230729166666667 0.1476897689768977 0.020937500000000022 0.013712871287128716
17 0.3103697916666667 0.1476897689768977 0.08569791666666665 0.03322607260726071
4 0.4171302083333333 0.14866336633663366 0.07336458333333327 0.03518151815181517
12 0.5002239583333333 0.14866336633663366 0.03937499999999995 0.015660066006600675
15 0.7475572916666666 0.14744224422442243 0.06284895833333337 0.0181023102310231
17 0.39177083333333335 0.3367986798679868 0.3313020833333333 0.024999999999999963
17 0.3461458333333333 0.4042079207920792 0.06504687500000005 0.016212871287128693
10 0.257765625 0.642046204620462 0.05448437500000001 0.019183168316831683
16 0.2541145833333333 0.7935313531353135 0.0496979166666667 0.020998349834983537