3 0.50078125 0.9818481848184818 0.9947916666666666 0.036303630363036306
30 0.96484375 0.9867986798679867 0.0578125 0.02145214521452145
2 0.015104166666666667 0.773102310231023 0.030208333333333334 0.05198019801980198
5 0.296875 0.9133663366336634 0.18020833333333333 0.036303630363036306
5 0.21927083333333333 0.9121287128712872 0.008854166666666666 0.017326732673267328
32 0.5002604166666667 0.8498349834983498 0.5765625 0.0429042904290429
8 0.7677083333333333 0.8523102310231023 0.020833333333333332 0.014026402640264026
17 0.6895833333333333 0.8523102310231023 0.0859375 0.033003300330033
4 0.5828125 0.8514851485148515 0.0734375 0.03547854785478548
12 0.49973958333333335 0.8514851485148515 0.03958333333333333 0.015676567656765675
15 0.25234375 0.8527227722772277 0.06302083333333333 0.018151815181518153
17 0.6083333333333333 0.6633663366336634 0.33125 0.024752475247524754
17 0.65390625 0.5957095709570958 0.06510416666666667 0.0165016501650165
10 0.7421875 0.3580858085808581 0.0546875 0.018976897689768978
16 0.7458333333333333 0.20627062706270627 0.049479166666666664 0.020627062706270627