0 0.49146874999999995 0.1909323432343235 0.5558802083333333 0.09580033003300341
22 0.50028125 0.5846864686468648 0.5835781250000002 0.47643564356435647
21 0.24365104166666668 0.46164191419141914 0.03733333333333331 0.012978547854785494
23 0.26122395833333334 0.4937293729372938 0.07326562499999997 0.013613861386138614
20 0.26216666666666666 0.6257920792079208 0.07515624999999998 0.013646864686468616
19 0.26075 0.6414356435643565 0.07232291666666661 0.011287128712871151
33 0.28319791666666666 0.6736963696369637 0.11485937499999999 0.013523102310230918
31 0.28477604166666665 0.7956518151815181 0.04566145833333337 0.010783828382838043
34 0.24018750000000003 0.7949587458745873 0.030416666666666654 0.013127062706270507
25 0.22756770833333334 0.9623927392739274 0.031124999999999996 0.04902640264026409
30 0.29715624999999996 0.9579702970297029 0.093234375 0.03394389438943921