3 0.5002860858257477 0.014015625 0.9911248374512354 0.028023437499999998
30 0.033810143042912875 0.0109921875 0.05970091027308192 0.017960937499999996
5 0.7023927178153446 0.06621875 0.18279583875162542 0.029984374999999997
5 0.781033810143043 0.0663515625 0.011267880364109185 0.014734375000000011
32 0.5005266579973991 0.11089843749999999 0.5776202860858258 0.03160156249999999
8 0.23185955786736023 0.11190625000000001 0.026033810143042888 0.01356250000000001
17 0.3107672301690507 0.111109375 0.08813394018205466 0.024796875000000006
4 0.4165669700910273 0.1115078125 0.07598829648894675 0.02613281249999999
12 0.5003771131339402 0.1120390625 0.04102080624187251 0.011156249999999979
15 0.7470871261378413 0.1113046875 0.06135890767230162 0.013695312500000023
15 0.2789336801040312 0.2546953125 0.10460988296488946 0.016929687499999967
15 0.4274187256176853 0.30665624999999996 0.06763328998699608 0.012507812499999993
11 0.5461248374512354 0.4465078125 0.06350455136540967 0.02071093749999999
2 0.9845968790637191 0.171109375 0.030799739921976522 0.03996875000000002