0 0.5165799739921977 0.61328125 0.548114434330299 0.06875
22 0.5006501950585176 0.31640625 0.5832249674902471 0.36015625
21 0.2428478543563069 0.410546875 0.03706111833550065 0.0109375
23 0.2610533159947984 0.384375 0.07347204161248375 0.0109375
20 0.26202860858257476 0.285546875 0.07607282184655396 0.009375
19 0.2613784135240572 0.272265625 0.0741222366710013 0.01015625
33 0.28283485045513657 0.24765625 0.11573472041612484 0.009375
31 0.2847854356306892 0.156640625 0.04681404421326398 0.0109375
34 0.24024707412223667 0.15703125 0.0305591677503251 0.009375
25 0.22756827048114434 0.0296875 0.0305591677503251 0.0375
30 0.29681404421326396 0.032421875 0.09362808842652796 0.02578125