0 0.5165344603381015 0.38686718750000004 0.5481534460338101 0.06849218750000005
22 0.5005656697009103 0.6834687500000001 0.5834915474642394 0.36009375000000005
21 0.24285435630689206 0.5896171875 0.03730169050715215 0.011320312499999829
23 0.2609297789336801 0.6155390624999999 0.07344603381014307 0.010625000000000284
20 0.26209362808842657 0.71446875 0.07578023407022104 0.009679687500000256
19 0.2613654096228869 0.7276875 0.07432379713914171 0.009843750000000285
33 0.28286085825747725 0.7524374999999999 0.1158647594278283 0.009414062500000143
31 0.28490897269180754 0.8432578124999999 0.04706111833550065 0.010656250000000256
34 0.24015604681404423 0.842953125 0.030448634590377138 0.009164062499999659
25 0.22741872561768528 0.9702734374999998 0.03024707412223666 0.037539062500000143
30 0.29670351105331605 0.9677109375 0.09332899869960985 0.025554687500000027