3 0.5003250975292588 0.9859375 0.9908972691807543 0.028125
30 0.033810143042912875 0.9890625 0.05981794538361508 0.01796875
5 0.7025357607282184 0.93359375 0.18270481144343304 0.0296875
5 0.7808842652795839 0.93359375 0.011053315994798439 0.01484375
32 0.5006501950585176 0.8890625 0.577373211963589 0.03125
8 0.23179453836150846 0.88828125 0.02600780234070221 0.01328125
17 0.3107932379713914 0.8890625 0.08842652795838751 0.025
4 0.41644993498049415 0.888671875 0.07607282184655396 0.02578125
12 0.5003250975292588 0.887890625 0.04096228868660598 0.0109375
15 0.747074122236671 0.888671875 0.0611183355006502 0.0140625
15 0.2789336801040312 0.7453125 0.1046814044213264 0.0171875
15 0.42750325097529257 0.693359375 0.06762028608582575 0.0125
11 0.5461638491547465 0.553515625 0.06371911573472042 0.02109375
2 0.9847204161248374 0.82890625 0.0305591677503251 0.03984375