3 0.4996749024707412 0.0140625 0.9908972691807543 0.028125
30 0.9661898569570871 0.0109375 0.05981794538361508 0.01796875
5 0.29746423927178156 0.06640625 0.18270481144343304 0.0296875
5 0.21911573472041612 0.06640625 0.011053315994798439 0.01484375
32 0.49934980494148246 0.1109375 0.577373211963589 0.03125
8 0.7682054616384916 0.11171875 0.02600780234070221 0.01328125
17 0.6892067620286085 0.1109375 0.08842652795838751 0.025
4 0.5835500650195059 0.111328125 0.07607282184655396 0.02578125
12 0.4996749024707412 0.112109375 0.04096228868660598 0.0109375
15 0.252925877763329 0.111328125 0.0611183355006502 0.0140625
15 0.7210663198959688 0.2546875 0.1046814044213264 0.0171875
15 0.5724967490247074 0.306640625 0.06762028608582575 0.0125
11 0.4538361508452536 0.446484375 0.06371911573472042 0.02109375
2 0.01527958387516255 0.17109375 0.0305591677503251 0.03984375