0 0.4115308151093439 0.507421875 0.060304837640821736 0.65859375
22 0.6603711066931743 0.499609375 0.30019880715705766 0.6875
21 0.5828363154406891 0.80234375 0.00728959575878065 0.0421875
23 0.6033797216699801 0.781640625 0.0066269052352551355 0.08515625
20 0.6865473823724321 0.780078125 0.00728959575878065 0.08828125
19 0.6971504307488403 0.78125 0.00728959575878065 0.0859375
33 0.718025182239894 0.755859375 0.007952286282306162 0.13671875
31 0.7935719019218025 0.75390625 0.007952286282306162 0.05546875
34 0.7935719019218025 0.805859375 0.0066269052352551355 0.0359375
25 0.8996023856858847 0.821484375 0.030483764082173626 0.03671875
30 0.8972829688535454 0.739453125 0.019880715705765408 0.10859375