3 0.08681245858184228 0.5 0.021206096752816435 1
5 0.1312127236580517 0.738671875 0.024519549370444003 0.2125
5 0.1318754141815772 0.83125 0.008614976805831677 0.00859375
32 0.16998011928429424 0.500390625 0.027833001988071572 0.67890625
8 0.16898608349900596 0.183984375 0.008614976805831677 0.025
17 0.1686547382372432 0.276953125 0.01855533465871438 0.10234375
4 0.1686547382372432 0.40234375 0.019218025182239893 0.0890625
12 0.16898608349900596 0.498828125 0.008614976805831677 0.04765625
15 0.16832339297548046 0.79140625 0.008614976805831677 0.07109375
31 0.33101391650099404 0.318359375 0.008614976805831677 0.07578125
16 0.598078197481776 0.690234375 0.01126573889993373 0.0828125
15 0.7147117296222664 0.445703125 0.00927766732935719 0.06171875
17 0.7581179589131876 0.421484375 0.00927766732935719 0.06171875
12 0.7587806494367131 0.643359375 0.008614976805831677 0.040625
10 0.8727634194831014 0.4421875 0.008614976805831677 0.0578125