3 0.5009940357852882 0.01328125 0.9980119284294234 0.025
30 0.035043074884029156 0.011640624999999998 0.06035122597746852 0.0166015625
2 0.9842147117296223 0.1681015625 0.03156394963552028 0.037171874999999986
5 0.7023856858846919 0.0652578125 0.18036447978793907 0.029203124999999996
5 0.7811000662690524 0.0659765625 0.007269715043074752 0.010437499999999988
32 0.5002717031146454 0.110984375 0.5761232604373758 0.03300000000000001
8 0.23201457919151758 0.10985937500000001 0.021517561298873444 0.010499999999999999
17 0.3107952286282306 0.1092265625 0.08681245858184228 0.022015625000000004
4 0.4171636845593108 0.10943750000000001 0.07522200132538104 0.022445312500000016
12 0.4991119946984758 0.1096484375 0.04011265738899932 0.010070312499999989
15 0.7470377733598409 0.109171875 0.06015904572564625 0.010179687499999979
31 0.3460238568588469 0.3006484375 0.06410205434062294 0.010289062499999968
16 0.661245858184228 0.61565625 0.07039098740888007 0.01328125
15 0.45379721669980116 0.75303125 0.05260437375745534 0.010757812499999986
17 0.43331345261762755 0.8042031250000001 0.052332670642809824 0.010726562500000014
12 0.6216302186878727 0.8049453124999999 0.03457919151756134 0.010085937499999887
10 0.45099403578528824 0.9393203124999999 0.048807157057654135 0.010093750000000058