0 0.49380384360503643 0.395671875 0.5586679920477137 0.07074218750000014
22 0.500337972166998 0.6891640625000001 0.5833267064280983 0.3542890624999998
21 0.2434128561961564 0.5975390624999999 0.03601722995361168 0.008273437500000114
23 0.2611265738899934 0.6219453125000001 0.07199469847581179 0.008023437500000341
20 0.2625513585155732 0.7200546875 0.07483764082173622 0.0086171874999998
19 0.26145129224652086 0.7323828124999998 0.07265076209410205 0.008749999999999859
33 0.28300198807157056 0.7570390625000002 0.11628893306825713 0.00899218750000017
31 0.28464546056991386 0.8462734375000001 0.04729622266401591 0.009273437499999915
34 0.24056328694499668 0.8459140625 0.030324718356527496 0.007914062500000086
25 0.22739562624254472 0.97103125 0.03082173624917163 0.036062499999999886
30 0.2968853545394301 0.968421875 0.092027833001988 0.023734375000000085