12 0.2896969696969697 0.93984375 0.041212121212121214 0.0046875
12 0.5466666666666666 0.7765625 0.03878787878787879 0.00546875
12 0.2884848484848485 0.625390625 0.04242424242424243 0.00625
12 0.5472727272727272 0.519140625 0.041212121212121214 0.00625
0 0.5 0.275390625 0.4581818181818182 0.059375
22 0.5 0.1359375 0.6327272727272727 0.18359375
26 0.22545454545454546 0.1140625 0.01575757575757576 0.009375
29 0.22545454545454546 0.0984375 0.01575757575757576 0.01015625
28 0.5072727272727273 0.113671875 0.01575757575757576 0.01015625
27 0.5072727272727273 0.098828125 0.01575757575757576 0.01015625
31 0.45212121212121215 0.067578125 0.048484848484848485 0.00625
17 0.3975757575757576 0.067578125 0.0496969696969697 0.00546875
34 0.3509090909090909 0.067578125 0.03151515151515152 0.00546875
25 0.20303030303030303 0.016796875 0.030303030303030304 0.01953125
30 0.3 0.016796875 0.09090909090909091 0.0140625