3 0.5157575757575757 0.99140625 0.6618181818181819 0.0171875
30 0.22363636363636363 0.992578125 0.07393939393939394 0.0109375
9 0.7896969696969697 0.97578125 0.04727272727272727 0.00546875
5 0.7084848484848485 0.96015625 0.21212121212121213 0.015625
5 0.8 0.96015625 0.01090909090909091 0.00703125
32 0.4921212121212121 0.9421875 0.6024242424242424 0.0203125
8 0.20606060606060606 0.940234375 0.02303030303030303 0.00625
17 0.296969696969697 0.93984375 0.09090909090909091 0.0125
4 0.4036363636363636 0.940625 0.09090909090909091 0.01171875
12 0.48484848484848486 0.940234375 0.04242424242424243 0.00703125
11 0.583030303030303 0.93984375 0.03272727272727273 0.0078125
10 0.696969696969697 0.940234375 0.052121212121212124 0.0078125
1 0.5 0.85078125 1 0.1640625
2 0.9896969696969697 0.8484375 0.020606060606060607 0.05078125
16 0.37393939393939396 0.35859375 0.0496969696969697 0.015625
12 0.5466666666666666 0.055078125 0.04363636363636364 0.00625
12 0.2884848484848485 0.016015625 0.04242424242424243 0.00546875