12 0.28975757575757577 0.06026562500000008 0.041636363636363666 0.004984375000000085
12 0.5469333333333334 0.22332031249999992 0.038727272727272784 0.005429687499999858
12 0.28861818181818183 0.3747031249999999 0.04295757575757576 0.006429687500000014
12 0.5470545454545455 0.481046875 0.04135757575757576 0.006117187499999943
0 0.500230303030303 0.7244296875 0.4577939393939393 0.059000000000000344
22 0.5000969696969697 0.8641328125000001 0.6323636363636365 0.18342968749999997
26 0.2254787878787879 0.8860234375000001 0.015224242424242427 0.009554687499999659
29 0.22563636363636363 0.9014609374999999 0.015539393939393931 0.01035937500000017
28 0.5069818181818182 0.88621875 0.01589090909090911 0.00995312499999983
27 0.5070181818181818 0.901265625 0.015187878787878755 0.00995312499999983
31 0.45226666666666665 0.9323203124999999 0.04879999999999999 0.006390625000000228
17 0.39758787878787877 0.93246875 0.049890909090909055 0.005687499999999801
34 0.35073939393939396 0.9325937499999999 0.031624242424242464 0.005437500000000028
25 0.20304242424242422 0.9831562500000001 0.030242424242424227 0.019835937500000254
30 0.2999030303030303 0.9832578125000001 0.09096969696969698 0.014023437499999857