3 0.5157212121212121 0.008453125 0.6615757575757575 0.01690625
30 0.22386666666666666 0.007453125 0.07360000000000003 0.01065625
9 0.7898909090909091 0.0243828125 0.04763636363636358 0.005374999999999996
5 0.7087636363636364 0.0398359375 0.21243636363636362 0.015679687500000004
5 0.7999515151515152 0.0400390625 0.010460606060606193 0.007023437499999996
32 0.49229090909090906 0.0577265625 0.6019272727272726 0.02000781249999999
8 0.2060848484848485 0.059890624999999996 0.023103030303030306 0.006343750000000004
17 0.29726060606060606 0.0599921875 0.09041212121212125 0.012726562499999993
4 0.4037818181818182 0.059273437500000005 0.09040000000000005 0.01197656250000001
12 0.48479999999999995 0.05971875 0.04255757575757577 0.006687500000000002
11 0.5831272727272727 0.06009375 0.03253333333333337 0.008132812499999998
10 0.6971030303030303 0.059953124999999996 0.05169696969696981 0.00785156250000001
1 0.5000848484848485 0.14935937500000002 0.9998303030303031 0.16402343749999995
2 0.9896606060606061 0.1515 0.020678787878787814 0.05098437499999999
16 0.3736969696969697 0.6412890625000001 0.050254545454545496 0.01585156249999997
12 0.5464969696969697 0.9449062500000001 0.043781818181818186 0.006460937499999986
12 0.28867878787878787 0.9840781249999999 0.04187878787878789 0.005429687499999858