9 0.015089722675367047 0.221875 0.010603588907014683 0.04609375
5 0.03915171288743882 0.300390625 0.022838499184339316 0.20390625
5 0.0399673735725938 0.212890625 0.01794453507340946 0.0171875
32 0.0664763458401305 0.5078125 0.028548123980424143 0.578125
8 0.07096247960848287 0.7828125 0.00897226753670473 0.02265625
17 0.0701468189233279 0.6921875 0.018760195758564437 0.08671875
4 0.0701468189233279 0.592578125 0.01794453507340946 0.0875
12 0.07096247960848287 0.514453125 0.010603588907014683 0.0421875
11 0.07055464926590538 0.420703125 0.009787928221859706 0.03125
10 0.0701468189233279 0.3109375 0.009787928221859706 0.0484375
1 0.21166394779771616 0.5 0.2569331158238173 0.9578125
2 0.2141109298531811 0.03046875 0.07748776508972267 0.01875
16 0.91721044045677 0.62109375 0.02202283849918434 0.04765625