12 0.34360522022838497 0.1169921875 0.04212887438825447 0.0112421874999999
0 0.49969820554649264 0.45239062499999994 0.4565334420880914 0.08798437499999992
22 0.4990048939641109 0.728578125 0.6333442088091354 0.41014843749999985
34 0.3508401305057096 0.8995625 0.03319738988580754 0.0107421875
17 0.39682707993474714 0.8987031250000002 0.04979608482871122 0.009882812499999716
31 0.45223491027732465 0.8991328124999999 0.05024469820554642 0.009882812499999716
26 0.22522022838499184 0.6840624999999999 0.014355628058727588 0.014609374999999859
29 0.22566884176182708 0.7066250000000001 0.014355628058727588 0.015898437500000286
28 0.5062969004893965 0.6840624999999999 0.015701468189233278 0.015468750000000142
21 0.23464110929853182 0.7465859375000001 0.036786296900489415 0.009023437500000142
23 0.2532626427406199 0.7575468749999998 0.07133768352365419 0.0077343749999997154
21 0.23419249592169658 0.790203125 0.03588907014681892 0.00859375
23 0.2523654159869494 0.8018046875 0.0704404567699837 0.00859375
21 0.23531810766721045 0.8342500000000002 0.03633768352365412 0.009023437500000142
23 0.2532626427406199 0.8454218749999999 0.0704404567699837 0.007304687500000284
21 0.23508972267536707 0.5734140625 0.036786296900489415 0.008164062499999857
23 0.2530342577487765 0.5845859375 0.07178629690048939 0.009023437500000142
20 0.25348287112561174 0.6294921875 0.07447797716150077 0.009453125000000284
19 0.2523654159869494 0.6398046874999999 0.0704404567699837 0.0077343749999997154
33 0.2770391517128874 0.6509765625 0.11889070146818922 0.010312499999999858
25 0.20380913539967374 0.974921875 0.030693311582381727 0.029773437499999743
30 0.2990293637846656 0.9752968750000001 0.09364600326264269 0.020726562499999802