3 0.5372349102773246 0.012531249999999999 0.7107830342577487 0.025054687500000006
30 0.2223572593800979 0.0119140625 0.0759298531810767 0.0189453125
9 0.7905383360522024 0.0354453125 0.04849102773246333 0.009781249999999997
5 0.7084991843393148 0.058765625 0.21292006525285478 0.022101562499999994
5 0.7997471451876019 0.0595234375 0.017830342577487685 0.017578125
32 0.49164763458401306 0.084890625 0.6036133768352365 0.027125
8 0.20474714518760195 0.08917968750000001 0.023278955954323017 0.008257812499999994
17 0.29914355628058725 0.08835156250000001 0.0905220228384992 0.0181640625
4 0.40323817292006525 0.08835156250000001 0.09094616639477977 0.01734374999999999
12 0.4849184339314845 0.08917968750000001 0.04396411092985326 0.009906250000000005
11 0.5829771615008157 0.08855468749999999 0.03232463295269177 0.009492187500000004
10 0.6974225122349103 0.08835156250000001 0.05086460032626419 0.009085937499999997
1 0.5 0.2239140625 1 0.24573437499999998
2 0.990089722675367 0.22610156250000002 0.019820554649266055 0.07423437499999999
16 0.3736541598694943 0.8996796874999999 0.04973083197389888 0.02117187499999993