12 0.100326264274062 0.649609375 0.011419249592169658 0.040625
0 0.45024469820554647 0.500390625 0.09216965742251224 0.4375
22 0.7385807504078303 0.50078125 0.4282218597063622 0.60625
34 0.91721044045677 0.64296875 0.011419249592169658 0.03203125
17 0.916394779771615 0.598828125 0.010603588907014683 0.04765625
31 0.9168026101141925 0.545703125 0.010603588907014683 0.0484375
26 0.6920880913539967 0.76328125 0.015497553017944535 0.0140625
29 0.715742251223491 0.762890625 0.01631321370309951 0.0140625
28 0.6920880913539967 0.494140625 0.01631321370309951 0.01484375
21 0.7573409461663948 0.754296875 0.009787928221859706 0.03515625
23 0.7687601957585645 0.736328125 0.008156606851549755 0.06796875
21 0.8030179445350734 0.7546875 0.00897226753670473 0.034375
23 0.8152528548123981 0.737109375 0.00897226753670473 0.0671875
21 0.8491027732463295 0.753515625 0.009787928221859706 0.03515625
23 0.8605220228384992 0.736328125 0.00734094616639478 0.0671875
21 0.5766721044045677 0.75390625 0.008156606851549755 0.03515625
23 0.5884991843393148 0.73671875 0.009787928221859706 0.06875
20 0.6353996737357259 0.7359375 0.009787928221859706 0.07109375
19 0.6460032626427407 0.737109375 0.008156606851549755 0.0671875
33 0.6574225122349103 0.713671875 0.010603588907014683 0.1140625
25 0.9902120717781403 0.78359375 0.01957585644371941 0.0296875
30 0.9926590538336052 0.692578125 0.01468189233278956 0.08984375