3 0.5153846153846153 0.004546875000000001 0.8280161943319838 0.008242187500000001
30 0.13281376518218624 0.004546875000000001 0.061032388663967624 0.005406250000000001
5 0.791578947368421 0.024539062500000004 0.19910931174089072 0.009742187499999999
5 0.8752834008097166 0.0241484375 0.016963562753036426 0.007679687499999999
32 0.4986842105263158 0.039375 0.6084008097165993 0.012257812499999998
8 0.20831983805668017 0.040773437499999995 0.024858299595141704 0.0042734374999999995
17 0.3088461538461538 0.0405546875 0.08329959514170036 0.008156249999999999
4 0.4230769230769231 0.040531250000000005 0.07404858299595138 0.008648437500000005
12 0.5261133603238866 0.040507812500000004 0.053623481781376534 0.004812499999999997
11 0.7860323886639676 0.040531250000000005 0.03372469635627524 0.004328125000000005
1 0.5013360323886639 0.10303124999999999 0.8010728744939272 0.10774218749999998
2 0.9838461538461538 0.054914062500000006 0.03228744939271264 0.013125000000000008
29 0.3721052631578947 0.2228984375 0.03504048582995952 0.011296875000000029
29 0.24396761133603234 0.29384375 0.03744939271255061 0.010171874999999986
29 0.4997570850202429 0.293953125 0.03587044534412961 0.010390624999999964
26 0.7787651821862348 0.27619531249999996 0.013603238866396816 0.006179687499999975
16 0.29815789473684207 0.3945390625 0.046518218623481815 0.008664062500000024
4 0.3116396761133603 0.8127421874999999 0.10566801619433196 0.005421875000000043
16 0.4371255060728745 0.8539999999999999 0.0895748987854251 0.005359375000000099