3 0.4939540507859734 0.984375 0.8071342200725514 0.03125
32 0.5006045949214026 0.867578125 0.6058041112454655 0.0421875
8 0.7911124546553809 0.865234375 0.019347037484885126 0.009375
4 0.5668077388149939 0.86484375 0.09250302297460701 0.028125
12 0.47218863361547764 0.864453125 0.0562273276904474 0.0140625
6 0.3001813784764208 0.864453125 0.07799274486094317 0.0140625
11 0.2119105199516324 0.865234375 0.02962515114873035 0.0109375
9 0.13784764207980654 0.946484375 0.05441354292623942 0.0109375
31 0.8576178960096735 0.803125 0.08706166868198308 0.0171875
31 0.8216444981862152 0.76328125 0.05441354292623942 0.01328125
6 0.6048972188633616 0.73125 0.05985489721886336 0.0109375
15 0.5888754534461911 0.322265625 0.05441354292623942 0.01328125
10 0.590689238210399 0.073828125 0.049576783555018135 0.01171875
16 0.313180169286578 0.459375 0.07134220072551391 0.0125
2 0.015719467956469165 0.81640625 0.03143893591293833 0.0421875