3 0.5060459492140266 0.015625 0.8071342200725514 0.03125
32 0.49939540507859737 0.132421875 0.6058041112454655 0.0421875
8 0.20888754534461912 0.134765625 0.019347037484885126 0.009375
4 0.43319226118500603 0.13515625 0.09250302297460701 0.028125
12 0.5278113663845224 0.135546875 0.0562273276904474 0.0140625
6 0.6998186215235792 0.135546875 0.07799274486094317 0.0140625
11 0.7880894800483675 0.134765625 0.02962515114873035 0.0109375
9 0.8621523579201935 0.053515625 0.05441354292623942 0.0109375
31 0.14238210399032647 0.196875 0.08706166868198308 0.0171875
31 0.17835550181378476 0.23671875 0.05441354292623942 0.01328125
6 0.39510278113663844 0.26875 0.05985489721886336 0.0109375
15 0.4111245465538089 0.677734375 0.05441354292623942 0.01328125
10 0.40931076178960096 0.926171875 0.049576783555018135 0.01171875
16 0.686819830713422 0.540625 0.07134220072551391 0.0125
2 0.9842805320435308 0.18359375 0.03143893591293833 0.0421875