3 0.5060882708585248 0.015812499999999997 0.8072914147521161 0.0313203125
32 0.4992503022974607 0.1323984375 0.605937122128174 0.04230468749999998
8 0.20898428053204354 0.13490625 0.01935308343409915 0.009757812500000008
4 0.43310157194679566 0.135296875 0.09221281741233373 0.027749999999999986
12 0.5276602176541717 0.135375 0.05611850060459488 0.013828124999999991
6 0.6997158403869407 0.13568750000000002 0.0781318016928658 0.014453125
11 0.7879806529625151 0.13482812500000002 0.029443772672309444 0.011164062500000016
9 0.8622007255139056 0.053453125000000004 0.05437726723095529 0.011140624999999993
31 0.14226723095525998 0.1966953125 0.08692261185006045 0.01755468749999998
31 0.17822853688029022 0.2369140625 0.05470979443772673 0.013499999999999979
6 0.3950846432889964 0.26867968750000004 0.059764207980652906 0.011312500000000014
15 0.4112454655380895 0.6778515625 0.05455864570737606 0.012906249999999985
10 0.40937122128174125 0.926171875 0.049594921402660204 0.011976562499999944
16 0.6866807738814994 0.5407656249999999 0.07103990326481258 0.012242187500000057
2 0.9842986698911729 0.18366406250000003 0.031402660217654206 0.042484375