22 0.500906892382104 0.357421875 0.8041112454655381 0.45859375
21 0.8612454655380894 0.476953125 0.03990326481257558 0.0109375
23 0.8645707376058042 0.433984375 0.030229746070133012 0.01328125
19 0.8422007255139057 0.36640625 0.07496977025392987 0.01328125
33 0.8143893591293833 0.343359375 0.13059250302297462 0.0140625
26 0.869105199516324 0.308203125 0.008464328899637243 0.01171875
28 0.8694074969770254 0.267578125 0.008464328899637243 0.01015625
27 0.6133615477629988 0.308203125 0.007859733978234583 0.0109375
29 0.6121523579201935 0.2671875 0.008464328899637243 0.00859375
31 0.747279322853688 0.192578125 0.06348246674727932 0.0125
25 0.8872430471584039 0.023828125 0.024788391777509067 0.0328125