22 0.4991112454655381 0.6425703124999999 0.8039540507859736 0.45890624999999974
21 0.13883917775090687 0.522875 0.03999999999999998 0.010906250000000029
23 0.13530229746070133 0.56596875 0.03018742442563483 0.013093750000000171
19 0.1577750906892382 0.6334531250000002 0.07513301088270857 0.013515625000000142
33 0.18560459492140266 0.6565078124999999 0.13079806529625154 0.014320312499999942
26 0.13077992744860945 0.6918203125000002 0.008295042321644514 0.012078125000000028
28 0.13068319226118502 0.7324531249999999 0.008494558645707383 0.010445312499999915
27 0.38674727932285363 0.6918593749999999 0.007926239419588815 0.011296875000000029
29 0.3879201934703749 0.732796875 0.008258766626360388 0.008367187500000029
31 0.2528536880290206 0.8075546875 0.06359129383313183 0.01250781250000017
25 0.1126360338573156 0.9760937500000001 0.024600967351874243 0.03309374999999974