3 0.5 0.9890625 1 0.021875
30 0.22348860257680872 0.990625 0.07730426164519326 0.0171875
9 0.7908820614469773 0.970703125 0.048562933597621406 0.0078125
32 0.49454905847373637 0.9296875 0.6075322101090188 0.0234375
9 0.20564915758176414 0.9265625 0.022794846382556987 0.00703125
17 0.2993062438057483 0.9265625 0.08919722497522299 0.0140625
4 0.40386521308225964 0.92734375 0.09415262636273539 0.015625
12 0.4846382556987116 0.92734375 0.04162537165510406 0.00703125
11 0.5832507433102081 0.926953125 0.03369672943508424 0.009375
10 0.6977205153617443 0.9265625 0.05054509415262636 0.00859375
5 0.7086223984142715 0.9515625 0.2130822596630327 0.01796875
5 0.8002973240832507 0.951171875 0.015857284440039643 0.01328125
1 0.5 0.81640625 1 0.2
2 0.9900891972249752 0.81484375 0.019821605550049554 0.0625
12 0.28889990089197226 0.24765625 0.04360753221010902 0.0078125
12 0.5515361744301288 0.25625 0.04162537165510406 0.0078125
12 0.6015857284440039 0.132421875 0.040634291377601585 0.00703125
12 0.34390485629335976 0.12421875 0.04360753221010902 0.0078125