3 0.5 0.0108046875 1 0.021609375
30 0.223607532210109 0.0091875 0.07706640237859266 0.016890625
9 0.7910505450941526 0.029421874999999997 0.04870168483647185 0.007742187499999997
32 0.49452923686818634 0.0704375 0.6073141724479683 0.023789062499999993
9 0.20574826560951437 0.073265625 0.022596630327056503 0.006812499999999999
17 0.2993260654112983 0.073265625 0.08894945490584738 0.014359374999999997
4 0.4040237859266601 0.0725546875 0.09383548067393455 0.015773437499999998
12 0.4844995044598613 0.0728359375 0.04193260654112978 0.006906250000000003
11 0.5830327056491575 0.073125 0.03331020812685818 0.009359374999999993
10 0.6976610505450942 0.07359375 0.050872150644202106 0.008421875
5 0.7085926660059465 0.048562499999999995 0.2126660059464816 0.017742187500000006
5 0.8003171456888007 0.048796874999999997 0.01581764122893958 0.013500000000000002
1 0.5 0.183640625 1 0.2003046875
2 0.9901982160555005 0.185140625 0.019593657086223966 0.06223437500000002
12 0.28885034687809713 0.7523125 0.04406342913776019 0.007734375000000071
12 0.5513676907829534 0.74375 0.0411793855302279 0.007734375000000071
12 0.6014469772051536 0.8674296874999999 0.04090188305252724 0.0068828124999999575
12 0.3440832507433102 0.8759296875 0.043240832507433095 0.007843749999999972