12 0.5470267591674927 0.18025000000000002 0.043349851337958385 0.007750000000000057
12 0.2897324083250743 0.24485937500000005 0.044469772051536176 0.00859375
16 0.3745490584737364 0.35201562499999994 0.05395441030723483 0.018578125000000157
0 0.4987710604558969 0.6802812500000002 0.4557680872150643 0.07493750000000006
22 0.49978196233894945 0.8424843750000001 0.6328642220019821 0.20677343750000005
21 0.2349950445986125 0.7800703124999998 0.03440039643211098 0.0066015624999998575
23 0.2524876114965312 0.7892109375 0.07076313181367688 0.006765624999999886
19 0.2526263627353816 0.8254374999999999 0.07104063429137761 0.007273437500000313
33 0.27774033696729433 0.8344765625000001 0.1205748265609514 0.0072187499999998295
26 0.22531219028741328 0.8708359375000001 0.0136471754212091 0.011835937499999716
31 0.45978196233894947 0.9170312500000002 0.04851337958374633 0.006460937500000341
17 0.40439048562933594 0.9169453125 0.050614469772051585 0.007945312500000056
34 0.3590782953419227 0.9166171875 0.03034687809712587 0.007281249999999772
25 0.2034390485629336 0.9798593749999999 0.031199207135778017 0.024468749999999772
30 0.2994350842418236 0.9798828125 0.0922200198216055 0.0173828125