12 0.5470763131813677 0.819921875 0.04360753221010902 0.0078125
12 0.2898909811694747 0.755078125 0.044598612487611496 0.00859375
16 0.37462834489593655 0.648046875 0.053518334985133795 0.01875
0 0.4990089197224975 0.31953125 0.45589692765113976 0.075
22 0.5 0.157421875 0.6333002973240832 0.20703125
21 0.2348860257680872 0.219921875 0.03468780971258672 0.00625
23 0.2527254707631318 0.2109375 0.07036669970267592 0.00703125
19 0.2527254707631318 0.174609375 0.07135777998017839 0.00703125
33 0.27750247770069375 0.165625 0.12091179385530228 0.00703125
26 0.2254707631318137 0.129296875 0.013875123885034688 0.01171875
31 0.45986124876114964 0.0828125 0.048562933597621406 0.00625
17 0.4043607532210109 0.083203125 0.05054509415262636 0.0078125
34 0.35926660059464816 0.083203125 0.030723488602576808 0.00703125
25 0.20366699702675917 0.0203125 0.030723488602576808 0.02421875
30 0.2993062438057483 0.0203125 0.09217046580773043 0.0171875