3 0.4834918858421936 0.018359375 0.6625629546726357 0.03671875
9 0.2098489087856743 0.052734375 0.047006155567991044 0.015625
32 0.5061555679910464 0.126171875 0.6038052602126469 0.04375
8 0.7943480693900392 0.130078125 0.02294348069390039 0.0140625
4 0.5970900951315053 0.12890625 0.09289311695579183 0.02734375
12 0.5153889199776162 0.129296875 0.04308897593732513 0.0171875
11 0.4166200335758254 0.130859375 0.03301622831561276 0.01484375
10 0.30190263010632346 0.129296875 0.050923335198656966 0.015625
8 0.7406267487409065 0.18125 0.02182428651371013 0.01328125
31 0.6944599888080581 0.18046875 0.0514829322887521 0.0140625
31 0.6880246222719641 0.21640625 0.12646894236149972 0.02890625
4 0.6351426972579742 0.313671875 0.13206491326245104 0.0140625
16 0.6421376608841634 0.452734375 0.07218802462227196 0.01484375
11 0.6860660324566312 0.6203125 0.03133743704532736 0.0140625
10 0.6754336877448237 0.645703125 0.0514829322887521 0.0125
2 0.010352546166759933 0.327734375 0.020705092333519866 0.10625