3 0.5163905987688864 0.018406250000000002 0.6627084499160606 0.0365
9 0.7901902630106323 0.0526015625 0.04697257974258537 0.015695312500000003
32 0.4937548964745384 0.1261484375 0.6039899272523782 0.043890625
8 0.20554001119194182 0.12990625 0.023072188024622284 0.013843749999999978
4 0.4028875209848909 0.1288125 0.09275321768326805 0.02730468749999999
12 0.48458310016787914 0.129359375 0.04320649132624512 0.017445312499999987
11 0.5832624510352546 0.130765625 0.033217683268047075 0.014625000000000022
10 0.6980749860100728 0.129125 0.05101846670397318 0.015406249999999977
8 0.2593844432008953 0.181359375 0.022053721320649113 0.0134765625
31 0.3055567991046446 0.1804140625 0.051634023503077775 0.014101562500000008
31 0.31210968102965864 0.21633593750000002 0.1263850027979854 0.028664062499999955
4 0.36483491885842195 0.3138125 0.13209289311695577 0.013960937500000003
16 0.35794627867935086 0.45284375 0.07236149972020142 0.015078124999999965
11 0.313905987688864 0.6204765625 0.03134862898712926 0.013937499999999936
10 0.3244935646334639 0.64559375 0.051410184667039796 0.012539062499999965
2 0.9895803021824288 0.327703125 0.020833799664241755 0.10626562499999999