3 0.15500839395635144 0.523046875 0.02630106323447118 0.925
9 0.17963066592053722 0.905078125 0.01119194180190263 0.065625
32 0.23223279238947958 0.49140625 0.03133743704532736 0.84296875
8 0.23503077783995524 0.0890625 0.010072747621712367 0.03203125
4 0.23419138220481253 0.364453125 0.019585898153329603 0.1296875
12 0.2344711807498601 0.478515625 0.012311135982092894 0.06015625
11 0.23559037493005036 0.61640625 0.010632344711807499 0.04609375
10 0.2344711807498601 0.7765625 0.01119194180190263 0.07109375
8 0.2716843872411863 0.1640625 0.009513150531617236 0.03046875
31 0.2711247901510912 0.228515625 0.010072747621712367 0.071875
31 0.29686625629546726 0.2375 0.020705092333519866 0.1765625
4 0.36653609401231113 0.311328125 0.010072747621712367 0.184375
16 0.4661443760492445 0.3015625 0.010632344711807499 0.10078125
11 0.5861779518746503 0.240234375 0.010072747621712367 0.04375
10 0.604364857302742 0.255078125 0.008953553441522105 0.071875