3 0.5128829604130809 0.0118671875 0.6608175559380378 0.0237265625
30 0.22332185886402753 0.010640624999999999 0.07318416523235798 0.015867187499999998
9 0.7907056798623063 0.0344765625 0.047280550774526725 0.009437499999999998
5 0.7093975903614458 0.056437499999999995 0.2110240963855422 0.021164062500000004
5 0.7998537005163511 0.055796875 0.01648881239242692 0.015242187499999994
32 0.4931067125645439 0.08199218750000001 0.6065318416523235 0.028265625000000006
8 0.20506884681583476 0.084390625 0.023218588640275404 0.007648437499999994
17 0.29899311531841655 0.08425 0.09079173838209983 0.017726562499999998
4 0.4032874354561102 0.083640625 0.09202237521514635 0.017445312499999987
12 0.48472461273666095 0.08425 0.04443201376936326 0.010195312500000008
11 0.5840447504302926 0.08453125 0.03155765920826168 0.008874999999999989
10 0.6981841652323579 0.0847265625 0.050413080895008545 0.009250000000000003
2 0.9894750430292599 0.2133203125 0.021049913941480237 0.06978125000000004
1 0.5 0.21160937500000002 1 0.23073437499999994
11 0.2842943201376936 0.360203125 0.07585197934595524 0.021101562499999994
16 0.37376075731497416 0.5924296874999999 0.05246987951807231 0.021437500000000043