3 0.5129087779690189 0.01171875 0.6609294320137694 0.0234375
30 0.22332185886402753 0.010546875 0.07314974182444062 0.015625
9 0.7908777969018933 0.034375 0.047332185886402756 0.009375
5 0.709552495697074 0.05625 0.21084337349397592 0.02109375
5 0.7999139414802066 0.055859375 0.016351118760757316 0.015625
32 0.49311531841652323 0.08203125 0.6067125645438899 0.028125
8 0.20524956970740102 0.084375 0.02323580034423408 0.0078125
17 0.2990533562822719 0.084375 0.09122203098106713 0.01796875
4 0.403184165232358 0.08359375 0.09208261617900172 0.0171875
12 0.4845094664371773 0.084375 0.04475043029259897 0.01015625
11 0.5839070567986231 0.084375 0.031841652323580036 0.00859375
10 0.6983648881239243 0.084765625 0.050774526678141134 0.009375
2 0.9896729776247849 0.21328125 0.020654044750430294 0.06953125
1 0.5 0.21171875 1 0.23046875
11 0.2844234079173838 0.36015625 0.0757314974182444 0.02109375
16 0.37392426850258176 0.592578125 0.05249569707401033 0.02109375