3 0.48709122203098104 0.98828125 0.6609294320137694 0.0234375
30 0.7766781411359724 0.989453125 0.07314974182444062 0.015625
9 0.20912220309810672 0.965625 0.047332185886402756 0.009375
5 0.290447504302926 0.94375 0.21084337349397592 0.02109375
5 0.20008605851979347 0.944140625 0.016351118760757316 0.015625
32 0.5068846815834768 0.91796875 0.6067125645438899 0.028125
8 0.794750430292599 0.915625 0.02323580034423408 0.0078125
17 0.7009466437177281 0.915625 0.09122203098106713 0.01796875
4 0.596815834767642 0.91640625 0.09208261617900172 0.0171875
12 0.5154905335628227 0.915625 0.04475043029259897 0.01015625
11 0.41609294320137696 0.915625 0.031841652323580036 0.00859375
10 0.3016351118760757 0.915234375 0.050774526678141134 0.009375
2 0.010327022375215147 0.78671875 0.020654044750430294 0.06953125
1 0.5 0.78828125 1 0.23046875
11 0.7155765920826161 0.63984375 0.0757314974182444 0.02109375
16 0.6260757314974182 0.407421875 0.05249569707401033 0.02109375