0 0.4988037865748709 0.6202500000000001 0.45468158347676413 0.0853515625
22 0.49962994836488817 0.8122109375000001 0.6310327022375215 0.25035156249999985
31 0.4523321858864028 0.9048749999999999 0.05052495697074014 0.010578124999999971
17 0.3969707401032702 0.9035781249999999 0.0510843373493976 0.0099843749999998
34 0.3518502581755594 0.9036249999999999 0.03467297762478482 0.009078124999999914
26 0.22559380378657487 0.839484375 0.015877796901893327 0.014914062500000113
29 0.22566265060240967 0.8611249999999998 0.014586919104991432 0.015312500000000284
28 0.5073924268502582 0.8388046875 0.016196213425129034 0.014203125000000228
21 0.2352925989672978 0.7345781250000002 0.03598967297762483 0.007953125000000227
23 0.2527882960413081 0.7454296875 0.07026678141135971 0.008085937500000284
19 0.2523580034423408 0.7860156249999999 0.06940619621342511 0.0080312499999998
33 0.2762564543889845 0.7970312499999999 0.1200774526678141 0.0073203124999999146
25 0.20380378657487092 0.9762812499999999 0.032134251290877824 0.028445312499999886
30 0.29907917383821 0.9765546874999999 0.0918760757314974 0.020445312500000055