0 0.4987091222030981 0.6203125 0.45438898450946646 0.08515625
22 0.4995697074010327 0.812109375 0.6308089500860585 0.25
31 0.4522375215146299 0.9046875 0.050774526678141134 0.0109375
17 0.3971600688468158 0.903515625 0.050774526678141134 0.01015625
34 0.35197934595524955 0.903515625 0.03442340791738382 0.009375
26 0.22547332185886404 0.839453125 0.01549053356282272 0.01484375
29 0.22547332185886404 0.8609375 0.014629948364888123 0.015625
28 0.5073149741824441 0.838671875 0.016351118760757316 0.0140625
21 0.23537005163511188 0.734765625 0.03614457831325301 0.0078125
23 0.2525817555938038 0.7453125 0.07056798623063683 0.0078125
19 0.2521514629948365 0.7859375 0.06970740103270223 0.0078125
33 0.2762478485370052 0.796875 0.12048192771084337 0.00703125
25 0.20395869191049915 0.976171875 0.031841652323580036 0.028125
30 0.2990533562822719 0.9765625 0.09208261617900172 0.0203125