0 0.5 0.739453125 0.4539641943734015 0.05625
22 0.4993606138107417 0.87109375 0.629156010230179 0.17265625
21 0.2340153452685422 0.81640625 0.03580562659846547 0.00546875
23 0.25255754475703324 0.823828125 0.07161125319693094 0.00546875
20 0.2538363171355499 0.85859375 0.07544757033248081 0.00625
19 0.25255754475703324 0.87265625 0.07289002557544758 0.00546875
33 0.2768542199488491 0.8796875 0.12148337595907928 0.00546875
26 0.22506393861892582 0.9 0.015345268542199489 0.009375
27 0.5070332480818415 0.9 0.016624040920716114 0.009375
31 0.45971867007672634 0.935546875 0.04859335038363171 0.00625
17 0.4040920716112532 0.935546875 0.05115089514066496 0.00546875
34 0.358695652173913 0.935546875 0.0319693094629156 0.00546875
25 0.20332480818414322 0.984375 0.0319693094629156 0.01875
30 0.29923273657289 0.983984375 0.09335038363171355 0.01328125