3 0.4641943734015345 0.991796875 0.7046035805626598 0.01640625
30 0.7774936061381074 0.9921875 0.07672634271099744 0.0109375
9 0.20971867007672634 0.97734375 0.04603580562659847 0.00546875
5 0.2915601023017903 0.9625 0.21483375959079284 0.01484375
5 0.20076726342711 0.9625 0.016624040920716114 0.01171875
32 0.5076726342710998 0.9453125 0.6048593350383632 0.01796875
8 0.7947570332480819 0.94296875 0.024296675191815855 0.00703125
17 0.7020460358056266 0.943359375 0.0907928388746803 0.01171875
4 0.5971867007672634 0.943359375 0.0907928388746803 0.0109375
12 0.5153452685421995 0.943359375 0.04219948849104859 0.00546875
11 0.41687979539641945 0.943359375 0.0319693094629156 0.00703125
10 0.3024296675191816 0.94296875 0.049872122762148335 0.00703125
1 0.5 0.8578125 1 0.15390625
2 0.010869565217391304 0.85625 0.021739130434782608 0.04765625