0 0.49991048593350385 0.7395078125000001 0.4535805626598465 0.05614062499999974
22 0.4995140664961637 0.8712343749999999 0.6295524296675191 0.17273437500000027
21 0.23407928388746804 0.8163515624999998 0.03615089514066494 0.005671875000000171
23 0.25234015345268546 0.8237890624999998 0.0717774936061381 0.005195312499999716
20 0.25384910485933504 0.8587109375 0.07569053708439898 0.006164062500000256
19 0.2522890025575448 0.8728515625 0.07255754475703326 0.005835937500000199
33 0.27657289002557545 0.8796875 0.12111253196930943 0.0057343750000001135
26 0.22528132992327365 0.8998750000000001 0.014897698209718641 0.009015624999999972
27 0.5068925831202046 0.9000390625000001 0.016496163682864422 0.009429687499999773
31 0.4597826086956522 0.9353593750000002 0.049143222506393795 0.006039062499999659
17 0.40425831202046036 0.9355703125000001 0.05071611253196927 0.005609375000000227
34 0.35842710997442456 0.9355703125000001 0.03176470588235298 0.005609375000000227
25 0.20343989769820972 0.9843828125000001 0.03164961636828645 0.019039062499999915
30 0.2991815856777494 0.9841640625 0.09282608695652171 0.013296875000000341