3 0.5359207161125319 0.008117187500000001 0.7049488491048593 0.016078125
30 0.2222378516624041 0.007726562500000001 0.07632992327365729 0.010671874999999997
9 0.7902173913043479 0.022789062500000002 0.046675191815856776 0.005265624999999996
5 0.708682864450128 0.037546875 0.2148209718670077 0.014695312500000002
5 0.7994501278772378 0.0376640625 0.017097186700767125 0.011375000000000001
32 0.49205882352941177 0.0546953125 0.6045907928388747 0.01810156249999999
8 0.204923273657289 0.0572109375 0.02400255754475701 0.00689843750000001
17 0.29809462915601026 0.056703125 0.09066496163682862 0.011749999999999993
4 0.40271099744245525 0.05646875 0.090460358056266 0.011281249999999998
12 0.4845524296675192 0.056523437499999996 0.04280051150895144 0.0055234374999999945
11 0.5833631713554988 0.0565859375 0.03193094629156014 0.006820312499999992
10 0.6978260869565218 0.056851562499999994 0.05044757033248087 0.006757812500000004
1 0.500076726342711 0.1423671875 0.999846547314578 0.1540546875
2 0.9890920716112532 0.143578125 0.021815856777493536 0.04782031249999998