3 0.5358056265984654 0.008203125 0.7046035805626598 0.01640625
30 0.22250639386189258 0.0078125 0.07672634271099744 0.0109375
9 0.7902813299232737 0.02265625 0.04603580562659847 0.00546875
5 0.7084398976982097 0.0375 0.21483375959079284 0.01484375
5 0.7992327365728901 0.0375 0.016624040920716114 0.01171875
32 0.49232736572890023 0.0546875 0.6048593350383632 0.01796875
8 0.20524296675191817 0.05703125 0.024296675191815855 0.00703125
17 0.2979539641943734 0.056640625 0.0907928388746803 0.01171875
4 0.40281329923273657 0.056640625 0.0907928388746803 0.0109375
12 0.4846547314578005 0.056640625 0.04219948849104859 0.00546875
11 0.5831202046035806 0.056640625 0.0319693094629156 0.00703125
10 0.6975703324808185 0.05703125 0.049872122762148335 0.00703125
1 0.5 0.1421875 1 0.15390625
2 0.9891304347826086 0.14375 0.021739130434782608 0.04765625