16 0.37404428904428905 0.45676562500000006 0.047587412587412635 0.015054687499999986
28 0.4141841491841492 0.5638671875 0.01755244755244749 0.0135859374999999
0 0.5011188811188811 0.7136171874999999 0.45648018648018646 0.06249218749999983
22 0.49986013986013983 0.8585625 0.6314335664335664 0.19039843750000002
21 0.23506993006993007 0.7975859374999998 0.03740093240093244 0.007265625000000142
23 0.2525874125874126 0.8054140624999999 0.07050116550116552 0.0049609375000002846
19 0.25243589743589745 0.851515625 0.06926573426573428 0.0067031249999999435
33 0.2774125874125874 0.8591171875000001 0.12111888111888114 0.006382812500000057
26 0.22617715617715617 0.8814921874999999 0.013857808857808842 0.010867187499999886
27 0.22511655011655013 0.8977890625 0.013671328671328692 0.010101562500000227
28 0.5064102564102564 0.8815625 0.013729603729603699 0.010218749999999943
31 0.45913752913752914 0.929734375 0.050093240093240114 0.007273437500000313
34 0.3581351981351981 0.9295156250000002 0.030874125874125885 0.006187500000000057
25 0.2034965034965035 0.982375 0.03166666666666668 0.02210156249999997