3 0.5343822843822844 0.00859375 0.7027972027972028 0.0171875
9 0.7898601398601399 0.0253984375 0.048158508158508084 0.006343750000000004
5 0.7082400932400932 0.0413046875 0.21247086247086241 0.016468749999999997
32 0.4903379953379953 0.05996875 0.602983682983683 0.020359375000000002
8 0.20594405594405593 0.0624609375 0.024475524475524476 0.005992187499999991
4 0.40351981351981353 0.0619765625 0.08980186480186475 0.011898437499999992
12 0.4849067599067599 0.0619453125 0.04256410256410254 0.007023437500000007
11 0.5840559440559441 0.062390625 0.03189976689976677 0.0072265625
10 0.6974941724941726 0.062421875 0.050839160839160714 0.006609375000000006
1 0.5 0.1561328125 1 0.17004687500000001
2 0.9897435897435898 0.15759375 0.020512820512820405 0.051640624999999975