3 0.5244245810055866 0.009390625 0.6796759776536312 0.01878125
30 0.22312849162011172 0.0085390625 0.07267039106145254 0.0112109375
9 0.7905810055865923 0.026976562500000002 0.0466368715083799 0.005906250000000002
32 0.49051396648044693 0.0628203125 0.6008156424581006 0.02198437499999999
8 0.20479329608938546 0.065203125 0.02274860335195532 0.0066796875000000085
17 0.298782122905028 0.0646640625 0.08922905027932962 0.01332031250000001
4 0.40355307262569834 0.064703125 0.08998882681564242 0.012624999999999997
12 0.4845139664804469 0.06509374999999999 0.04203351955307263 0.005671874999999993
11 0.5836983240223463 0.0649765625 0.032748603351955244 0.007757812500000005
10 0.6979664804469273 0.0650546875 0.04807821229050276 0.006367187500000005
5 0.7087262569832402 0.0431953125 0.21210055865921779 0.016718749999999994
5 0.8004692737430167 0.0433828125 0.010067039106145242 0.007062499999999994
1 0.5005139664804469 0.1629296875 0.9989608938547486 0.1791875
2 0.9897430167597766 0.164421875 0.020502793296089283 0.054312499999999986
16 0.5651396648044692 0.54140625 0.08547486033519552 0.009312500000000057