3 0.5245810055865922 0.009375 0.6793296089385474 0.01875
30 0.22290502793296088 0.00859375 0.07262569832402235 0.0109375
9 0.7905027932960894 0.026953125 0.04692737430167598 0.00625
32 0.49050279329608937 0.062890625 0.6011173184357542 0.021875
8 0.20502793296089386 0.065234375 0.0223463687150838 0.00703125
17 0.2988826815642458 0.06484375 0.0893854748603352 0.01328125
4 0.4033519553072626 0.06484375 0.09050279329608939 0.0125
12 0.48435754189944136 0.065234375 0.042458100558659215 0.00546875
11 0.5837988826815642 0.06484375 0.03240223463687151 0.0078125
10 0.6977653631284916 0.065234375 0.048044692737430165 0.00625
5 0.7089385474860335 0.043359375 0.2122905027932961 0.01640625
5 0.8005586592178771 0.043359375 0.01005586592178771 0.00703125
1 0.5005586592178771 0.162890625 0.9988826815642458 0.17890625
2 0.9899441340782122 0.164453125 0.02011173184357542 0.0546875
16 0.5653631284916201 0.54140625 0.08491620111731843 0.009375