3 0.47541899441340785 0.990625 0.6793296089385474 0.01875
30 0.7770949720670391 0.99140625 0.07262569832402235 0.0109375
9 0.20949720670391062 0.973046875 0.04692737430167598 0.00625
32 0.5094972067039106 0.937109375 0.6011173184357542 0.021875
8 0.7949720670391062 0.934765625 0.0223463687150838 0.00703125
17 0.7011173184357542 0.93515625 0.0893854748603352 0.01328125
4 0.5966480446927375 0.93515625 0.09050279329608939 0.0125
12 0.5156424581005586 0.934765625 0.042458100558659215 0.00546875
11 0.41620111731843573 0.93515625 0.03240223463687151 0.0078125
10 0.30223463687150837 0.934765625 0.048044692737430165 0.00625
5 0.2910614525139665 0.956640625 0.2122905027932961 0.01640625
5 0.19944134078212292 0.956640625 0.01005586592178771 0.00703125
1 0.4994413407821229 0.837109375 0.9988826815642458 0.17890625
2 0.01005586592178771 0.835546875 0.02011173184357542 0.0546875
16 0.4346368715083799 0.45859375 0.08491620111731843 0.009375