0 0.4983575418994413 0.6545781250000001 0.45472625698324026 0.08050781250000014
22 0.49925139664804463 0.8566015624999999 0.6302346368715083 0.18868750000000034
26 0.2251731843575419 0.8857265625 0.013888268156424589 0.011046875000000256
27 0.506268156424581 0.8857890625 0.015016759776536374 0.009992187499999972
21 0.23526256983240224 0.7983828124999999 0.03658100558659219 0.006742187500000085
23 0.2527150837988827 0.8062578125000002 0.07065921787709498 0.005515625000000313
20 0.25388826815642457 0.846578125 0.07299441340782122 0.0059375000000002846
19 0.2527150837988827 0.8541328125 0.07065921787709498 0.005828125000000029
33 0.277340782122905 0.8625390625000001 0.11988826815642459 0.006820312499999659
31 0.4604245810055866 0.9268281250000001 0.04977653631284911 0.0065937499999996875
17 0.4047821229050279 0.9264453125 0.049865921787709495 0.006414062500000028
34 0.3587709497206704 0.92659375 0.03070391061452516 0.006125000000000114
25 0.20298324022346367 0.9820781249999999 0.031474860335195545 0.021648437500000027
30 0.2989832402234637 0.9822265625 0.09200000000000004 0.014328125000000113