0 0.4983240223463687 0.6546875 0.4547486033519553 0.08046875
22 0.4994413407821229 0.856640625 0.6301675977653631 0.1890625
26 0.22513966480446929 0.885546875 0.013407821229050279 0.0109375
27 0.506145251396648 0.8859375 0.01452513966480447 0.01015625
21 0.23519553072625698 0.7984375 0.03687150837988827 0.00703125
23 0.25251396648044694 0.80625 0.07039106145251396 0.00546875
20 0.2536312849162011 0.846484375 0.07262569832402235 0.00625
19 0.25251396648044694 0.854296875 0.07039106145251396 0.00546875
33 0.2770949720670391 0.8625 0.11955307262569832 0.00703125
31 0.46033519553072627 0.926953125 0.05027932960893855 0.00625
17 0.40502793296089384 0.9265625 0.05027932960893855 0.00625
34 0.358659217877095 0.9265625 0.030167597765363128 0.00625
25 0.20279329608938548 0.98203125 0.03128491620111732 0.021875
30 0.2988826815642458 0.98203125 0.09162011173184358 0.0140625