16 0.3738095238095238 0.35260156249999997 0.05019047619047624 0.016117187500000085
0 0.49988571428571427 0.6557968750000001 0.45256190476190483 0.07361718749999965
22 0.5001714285714285 0.8302265625 0.6305333333333333 0.22570312499999973
26 0.22517142857142858 0.8547968749999999 0.015180952380952378 0.011078125000000227
29 0.22574285714285713 0.8742578125000001 0.013457142857142853 0.011195312499999943
28 0.5069428571428571 0.854328125 0.013990476190476242 0.012484374999999659
27 0.5071238095238095 0.8739609375 0.013638095238095177 0.011789062500000114
31 0.4520095238095238 0.9135312500000001 0.048180952380952415 0.007445312499999801
17 0.3973333333333333 0.9127734375 0.049190476190476166 0.007093749999999943
34 0.3508952380952381 0.913296875 0.030857142857142836 0.006976562500000227
21 0.23521904761904763 0.7605859375000001 0.036914285714285705 0.007273437500000313
23 0.25324761904761905 0.7693515625 0.07215238095238094 0.006210937499999858
20 0.2550285714285714 0.8067343749999999 0.0724761904761905 0.008546874999999687
19 0.2532857142857143 0.8168359375000002 0.07141904761904763 0.0074765624999997725
33 0.27790476190476193 0.8264062500000001 0.12066666666666671 0.00801562500000017
25 0.20342857142857143 0.9785625 0.03203809523809523 0.024617187500000172
30 0.2995428571428571 0.9786328125000001 0.09110476190476187 0.01577343749999969