16 0.6795238095238095 0.396484375 0.02 0.04140625
0 0.31 0.5 0.08952380952380952 0.37109375
22 0.11761904761904762 0.5 0.23523809523809525 0.5171875
26 0.06761904761904762 0.274609375 0.013333333333333334 0.0125
29 0.04380952380952381 0.275 0.013333333333333334 0.0109375
28 0.0680952380952381 0.505859375 0.015238095238095238 0.01171875
27 0.04428571428571428 0.505859375 0.014285714285714285 0.0109375
21 0.1823809523809524 0.2828125 0.008571428571428572 0.03046875
23 0.17142857142857143 0.29765625 0.007619047619047619 0.059375
20 0.1261904761904762 0.29921875 0.010476190476190476 0.059375
19 0.1138095238095238 0.29765625 0.009523809523809525 0.05859375
33 0.1019047619047619 0.31796875 0.009523809523809525 0.09921875