3 0.5207714285714286 0.0109140625 0.6706380952380953 0.021828125
30 0.22378095238095239 0.01 0.07348571428571431 0.014609374999999997
9 0.7903238095238095 0.0304609375 0.0468285714285715 0.007750000000000002
5 0.7090857142857142 0.05044531249999999 0.21268571428571423 0.019921875
5 0.8003809523809523 0.050624999999999996 0.009761904761904762 0.009843749999999995
32 0.49143809523809523 0.0729921875 0.6013809523809525 0.02417968749999999
8 0.20445714285714287 0.07681249999999999 0.023180952380952358 0.007492187500000002
17 0.2986 0.07572656250000001 0.09074285714285711 0.01661718750000001
4 0.4033428571428571 0.07646875 0.09051428571428569 0.013749999999999995
12 0.485152380952381 0.0767734375 0.0412571428571429 0.008273437500000003
11 0.5835428571428571 0.0769453125 0.03256190476190481 0.008624999999999994
10 0.6978095238095239 0.07650781250000001 0.05139047619047622 0.009492187500000004
1 0.5008380952380951 0.19073437499999998 0.9983142857142857 0.20934375000000002
2 0.9890476190476191 0.19375 0.021904761904761906 0.0625