0 0.39360730593607307 0.51171875 0.058447488584474884 0.47578125
22 0.1639269406392694 0.50234375 0.3278538812785388 0.4765625
26 0.03287671232876712 0.692578125 0.019178082191780823 0.015625
28 0.03333333333333333 0.65703125 0.017351598173515982 0.01484375
29 0.03287671232876712 0.6203125 0.014611872146118721 0.015625
27 0.03287671232876712 0.58671875 0.015525114155251141 0.0125
24 0.03287671232876712 0.5515625 0.02009132420091324 0.01484375
31 0.03287671232876712 0.3953125 0.01004566210045662 0.04140625
34 0.03287671232876712 0.4375 0.01004566210045662 0.02578125
19 0.16210045662100456 0.7046875 0.010958904109589041 0.065625
20 0.19269406392694063 0.703125 0.0091324200913242 0.06796875
23 0.21232876712328766 0.7046875 0.0091324200913242 0.06484375
21 0.2328767123287671 0.7203125 0.0091324200913242 0.0328125
19 0.032420091324200914 0.3359375 0.00821917808219178 0.059375