29 0.3216255707762557 0.05006249999999994 0.035178082191780806 0.02184375000000003
29 0.5001461187214612 0.05067968749999992 0.03565296803652965 0.022257812499999828
29 0.6798721461187215 0.05067968749999992 0.03565296803652965 0.022257812499999828
0 0.48622831050228305 0.5908984374999999 0.556283105022831 0.050093749999999916
22 0.49720547945205484 0.7912734374999999 0.5573333333333333 0.28803125000000024
26 0.2747488584474886 0.899625 0.018210045662100507 0.016117187500000085
28 0.3163470319634703 0.8993593749999998 0.017269406392694035 0.0150390625
29 0.3593698630136986 0.8997578125000001 0.018529680365296772 0.012624999999999886
27 0.3987762557077626 0.8997578125000001 0.015068493150684932 0.013164062500000285
24 0.43990867579908677 0.8994921874999999 0.017579908675799085 0.016921874999999885
31 0.6221826484018265 0.899625 0.048666666666666636 0.00859375
34 0.573041095890411 0.8994921874999999 0.03014611872146118 0.008328124999999886
19 0.2607762557077626 0.7889609375 0.07693150684931507 0.009132812499999688
20 0.262337899543379 0.76290625 0.07944292237442924 0.007523437500000086
23 0.2609315068493151 0.7459765624999999 0.07599086757990871 0.008054687500000313
21 0.2425570776255708 0.7285234375000001 0.03862100456621001 0.008054687500000313
19 0.6918812785388128 0.8999765624999998 0.06920547945205477 0.007289062499999943
25 0.22417351598173516 0.9782499999999998 0.014383561643835616 0.013125000000000142
30 0.27236529680365296 0.9783515625 0.06281278538812783 0.013328125000000312