29 0.32146118721461187 0.05 0.03561643835616438 0.021875
29 0.5 0.05078125 0.03561643835616438 0.021875
29 0.6799086757990868 0.05078125 0.03561643835616438 0.021875
0 0.4863013698630137 0.591015625 0.5561643835616439 0.05
22 0.49726027397260275 0.79140625 0.5570776255707762 0.28828125
26 0.27488584474885847 0.899609375 0.0182648401826484 0.01640625
28 0.31643835616438354 0.89921875 0.017351598173515982 0.01484375
29 0.3593607305936073 0.899609375 0.0182648401826484 0.0125
27 0.39863013698630134 0.899609375 0.014611872146118721 0.01328125
24 0.4397260273972603 0.899609375 0.017351598173515982 0.0171875
31 0.6223744292237443 0.899609375 0.048401826484018265 0.00859375
34 0.5730593607305936 0.899609375 0.030136986301369864 0.00859375
19 0.26073059360730594 0.7890625 0.07671232876712329 0.009375
20 0.2625570776255708 0.762890625 0.07945205479452055 0.0078125
23 0.26073059360730594 0.74609375 0.07579908675799087 0.0078125
21 0.24246575342465754 0.728515625 0.038356164383561646 0.0078125
19 0.6917808219178082 0.9 0.06940639269406393 0.00703125
25 0.22420091324200914 0.978125 0.014611872146118721 0.01328125
30 0.27214611872146116 0.978515625 0.06301369863013699 0.01328125