3 0.49361643835616437 0.0119296875 0.9529954337899545 0.022781250000000003
30 0.04850228310502283 0.009492187499999999 0.057698630136986305 0.0146484375
5 0.6931141552511416 0.053171875 0.17875799086757993 0.020609374999999996
32 0.5027945205479452 0.1211875 0.5825388127853882 0.03379687499999999
17 0.2558538812785388 0.11809375 0.08480365296803655 0.018546875000000008
4 0.35077625570776255 0.118296875 0.08190867579908681 0.01731250000000002
12 0.42040182648401825 0.11809375 0.040958904109589064 0.010304687499999998
1 0.5001461187214612 0.2040390625 0.5791689497716895 0.134375
11 0.26910502283105026 0.2953359375 0.0746849315068493 0.012781250000000011
10 0.645662100456621 0.7007265625 0.057817351598173465 0.008242187499999965
16 0.7410593607305936 0.7007265625 0.044328767123287635 0.017312500000000064
26 0.24814611872146122 0.7872890625 0.016383561643835667 0.014015625000000042
26 0.39679452054794523 0.8713749999999999 0.013013698630136987 0.013187500000000085
2 0.9843013698630136 0.16021093749999998 0.031388127853881176 0.027773437500000008
5 0.7689771689497716 0.053468749999999995 0.009689497716894886 0.00828906250000001