3 0.49360730593607305 0.012109375 0.9534246575342465 0.02265625
30 0.048401826484018265 0.009375 0.057534246575342465 0.01484375
5 0.6931506849315069 0.053125 0.17899543378995433 0.0203125
32 0.5027397260273972 0.12109375 0.582648401826484 0.03359375
17 0.2557077625570776 0.11796875 0.08493150684931507 0.01875
4 0.3506849315068493 0.118359375 0.0821917808219178 0.0171875
12 0.42054794520547945 0.11796875 0.0410958904109589 0.01015625
1 0.5 0.20390625 0.5789954337899543 0.134375
11 0.26894977168949774 0.2953125 0.07488584474885844 0.0125
10 0.645662100456621 0.70078125 0.057534246575342465 0.00859375
16 0.7410958904109589 0.70078125 0.04474885844748858 0.0171875
26 0.24794520547945206 0.787109375 0.01643835616438356 0.0140625
26 0.39680365296803655 0.871484375 0.012785388127853882 0.01328125
2 0.9844748858447488 0.16015625 0.031050228310502283 0.028125
5 0.7689497716894977 0.053515625 0.01004566210045662 0.00859375