32 0.9429223744292238 0.49765625 0.039269406392694065 0.4984375
17 0.9465753424657535 0.708984375 0.021917808219178082 0.07265625
4 0.9461187214611873 0.627734375 0.02009132420091324 0.0703125
12 0.9465753424657535 0.56796875 0.011872146118721462 0.03515625
1 0.8461187214611872 0.5 0.15707762557077626 0.4953125
11 0.7392694063926941 0.69765625 0.014611872146118721 0.0640625
10 0.26529680365296804 0.375390625 0.01004566210045662 0.04921875
16 0.26529680365296804 0.29375 0.02009132420091324 0.03828125
26 0.1643835616438356 0.715625 0.01643835616438356 0.0140625
26 0.06575342465753424 0.58828125 0.015525114155251141 0.0109375
2 0.8972602739726028 0.085546875 0.03287671232876712 0.0265625