3 0.5054794520547945 0.98125 0.6443835616438356 0.0375
9 0.790958904109589 0.94609375 0.044931506849315066 0.015625
32 0.4898630136986301 0.87109375 0.5994520547945206 0.0484375
8 0.2054794520547945 0.8671875 0.023561643835616437 0.01171875
4 0.40273972602739727 0.86796875 0.09095890410958904 0.02734375
12 0.4843835616438356 0.86796875 0.042739726027397264 0.015625
11 0.5843835616438356 0.867578125 0.033424657534246574 0.015625
10 0.6983561643835616 0.868359375 0.05041095890410959 0.01171875
10 0.30547945205479454 0.8140625 0.05150684931506849 0.01484375
10 0.31068493150684934 0.77109375 0.1232876712328767 0.02578125
2 0.9895890410958904 0.66484375 0.020821917808219178 0.109375