3 0.5054465753424657 0.018757812500000002 0.6445260273972604 0.0372109375
9 0.790827397260274 0.0540390625 0.04506849315068493 0.015999999999999993
32 0.4898849315068493 0.1288125 0.5996876712328769 0.04820312499999999
8 0.205386301369863 0.13279687499999998 0.02330410958904108 0.011343749999999986
4 0.4028 0.1319765625 0.09101917808219173 0.027437500000000004
12 0.4842575342465753 0.13196875 0.04289315068493149 0.015406249999999977
11 0.5844438356164383 0.1322734375 0.03327671232876713 0.016007812500000006
10 0.6983999999999999 0.13182031249999998 0.05014246575342478 0.012093750000000014
10 0.30535890410958905 0.185828125 0.051254794520547924 0.014796874999999998
10 0.31073972602739725 0.229015625 0.12321095890410953 0.02594531250000003
2 0.9895068493150685 0.33523437500000003 0.020980821917808198 0.10974218750000002