3 0.505278310940499 0.9890625 0.5882917466410749 0.02109375
30 0.761996161228407 0.989453125 0.07197696737044146 0.0125
7 0.22408829174664108 0.990234375 0.013435700575815739 0.01171875
14 0.23944337811900193 0.952734375 0.04222648752399232 0.00703125
9 0.28934740882917465 0.952734375 0.04894433781190019 0.00859375
9 0.35460652591170827 0.952734375 0.07293666026871401 0.00859375
5 0.32053742802303264 0.93515625 0.2092130518234165 0.02109375
5 0.22792706333973128 0.93515625 0.01055662188099808 0.009375
32 0.5091170825335892 0.893359375 0.5422264875239923 0.02734375
8 0.767274472168906 0.892578125 0.023032629558541268 0.00703125
17 0.694337811900192 0.88984375 0.09021113243761997 0.01484375
4 0.5609404990403071 0.893359375 0.14107485604606526 0.0078125
12 0.4510556621880998 0.893359375 0.045105566218809984 0.0078125
13 0.376679462571977 0.89375 0.0710172744721689 0.009375
15 0.29798464491362764 0.89375 0.05566218809980806 0.009375
1 0.5 0.754296875 0.9990403071017274 0.2484375
16 0.7418426103646834 0.499609375 0.0873320537428023 0.009375
12 0.6295585412667947 0.498828125 0.04222648752399232 0.0109375
16 0.5043186180422264 0.305078125 0.21497120921305182 0.0203125