32 0.016794625719769675 0.492578125 0.03358925143953935 0.44140625
8 0.017754318618042227 0.282421875 0.008637236084452975 0.01875
17 0.02111324376199616 0.341796875 0.018234165067178502 0.0734375
4 0.016794625719769675 0.450390625 0.009596928982725527 0.11484375
12 0.016794625719769675 0.53984375 0.009596928982725527 0.03671875
13 0.016314779270633396 0.600390625 0.011516314779270634 0.0578125
15 0.016314779270633396 0.664453125 0.011516314779270634 0.0453125
1 0.18761996161228406 0.5 0.30518234165067176 0.81328125
16 0.5004798464491362 0.303125 0.011516314779270634 0.07109375
12 0.5014395393474088 0.39453125 0.013435700575815739 0.034375
16 0.739443378119002 0.496484375 0.02495201535508637 0.175