0 0.5043186180422264 0.37265625 0.5748560460652591 0.0453125
22 0.5038387715930902 0.1890625 0.6391554702495201 0.278125
21 0.746641074856046 0.2625 0.044145873320537425 0.00859375
23 0.7260076775431862 0.2421875 0.08637236084452975 0.00859375
20 0.7245681381957774 0.20234375 0.09021113243761997 0.0078125
19 0.7260076775431862 0.19140625 0.08637236084452975 0.00859375
33 0.7020153550863724 0.18125 0.1324376199616123 0.009375
26 0.7615163147792706 0.130078125 0.014395393474088292 0.0109375
28 0.6852207293666027 0.130859375 0.013435700575815739 0.01171875
29 0.6415547024952015 0.13046875 0.013435700575815739 0.0109375
27 0.5714971209213052 0.130859375 0.012476007677543186 0.01015625
31 0.381957773512476 0.1 0.05950095969289827 0.00859375
34 0.5561420345489443 0.08984375 0.190978886756238 0.00859375
25 0.8013435700575816 0.019921875 0.02111324376199616 0.01875
30 0.7279270633397313 0.019921875 0.09213051823416507 0.01796875