3 0.49452975047984643 0.010953125 0.5886468330134356 0.0208984375
30 0.23796545105566216 0.0104921875 0.0724376199616123 0.012460937500000002
7 0.7759692898272552 0.00978125 0.013464491362763889 0.011874999999999997
14 0.7606813819577735 0.047171875 0.04239923224568144 0.007289062499999999
9 0.710806142034549 0.0470859375 0.0493857965451056 0.008796875000000004
9 0.6451919385796545 0.047296875 0.07309980806142041 0.008374999999999999
5 0.6795585412667946 0.064796875 0.20956813819577746 0.020828124999999996
5 0.772274472168906 0.0648828125 0.01018234165067169 0.009296875000000005
32 0.49094049904030707 0.10678125000000001 0.5424664107485605 0.027093750000000007
8 0.23253358925143955 0.1073203125 0.022562380038387706 0.0072968749999999805
17 0.30558541266794625 0.1102421875 0.09069097888675624 0.014812499999999984
4 0.43893474088291745 0.1065703125 0.14085412667946257 0.007460937500000009
12 0.5491458733205374 0.1065703125 0.04520153550863715 0.007460937500000009
13 0.6231765834932822 0.10610937499999999 0.07115163147792716 0.009046874999999987
15 0.7022456813819578 0.1064453125 0.055854126679462615 0.009718749999999998
1 0.49986564299424197 0.245875 0.9993953934740882 0.24878906250000005
16 0.25809021113243763 0.500421875 0.08704414587332059 0.00929687500000007
12 0.3702591170825336 0.5010703125 0.04269673704414588 0.010585937499999965
16 0.49566218809980805 0.6949765625000001 0.21540307101727452 0.02017187499999995