0 0.6564299424184261 0.496484375 0.05566218809980806 0.46796875
22 0.8555662188099808 0.496875 0.2888675623800384 0.5203125
21 0.791746641074856 0.29921875 0.01055662188099808 0.0359375
23 0.8166986564299424 0.316015625 0.01055662188099808 0.0703125
20 0.8656429942418427 0.3171875 0.009596928982725527 0.0734375
19 0.8790786948176583 0.316015625 0.01055662188099808 0.0703125
33 0.8915547024952015 0.335546875 0.011516314779270634 0.1078125
26 0.9544145873320538 0.287109375 0.013435700575815739 0.01171875
28 0.9534548944337812 0.34921875 0.014395393474088292 0.0109375
29 0.9539347408829175 0.384765625 0.013435700575815739 0.0109375
27 0.9534548944337812 0.441796875 0.012476007677543186 0.01015625
31 0.991362763915547 0.59609375 0.01055662188099808 0.0484375