0 0.4956525911708254 0.6272578124999999 0.574443378119002 0.0449453124999998
22 0.4961228406909789 0.8109140624999999 0.6391170825335892 0.2778046875000001
21 0.2534357005758157 0.7376796875 0.04411708253358928 0.008476562500000284
23 0.27380998080614205 0.7578906249999999 0.08643953934740888 0.008546874999999687
20 0.2751919385796545 0.797625 0.08998080614203453 0.007960937499999687
19 0.27396353166986565 0.808546875 0.08675623800383875 0.008664062500000114
33 0.29780230326295587 0.8187656249999999 0.13285028790786943 0.009250000000000114
26 0.23849328214971208 0.8697421875 0.014222648752399225 0.011296875000000029
28 0.3149136276391555 0.8692968749999999 0.01366602687140116 0.011679687499999859
29 0.3582629558541267 0.8694843750000001 0.013819577735124738 0.010781250000000141
27 0.42843570057581576 0.8692265625000001 0.012543186180422312 0.010265625000000255
31 0.6179462571976967 0.8999062500000001 0.05956813819577729 0.008859375000000114
34 0.44388675623800383 0.9101874999999999 0.19056621880998076 0.008281250000000285
25 0.1988771593090211 0.980140625 0.020930902111324378 0.018398437500000142
30 0.27189059500959695 0.9799140625 0.09245681381957777 0.0179453125000002