3 0.5411420982735724 0.007953125 0.7134130146082338 0.015765625
9 0.7910491367861885 0.02221875 0.04799468791500677 0.0056640625
32 0.4908366533864542 0.0527734375 0.6039707835325365 0.017031250000000008
8 0.20532536520584332 0.0552265625 0.02282868525896414 0.005593749999999997
4 0.40375830013280206 0.0545625 0.09147410358565737 0.01167968749999999
12 0.48486055776892434 0.0550390625 0.04539176626826023 0.005960937499999997
11 0.5831341301460824 0.054890625000000005 0.03363877822045158 0.0056640625
10 0.6976892430278885 0.0542578125 0.05192563081009284 0.0057421874999999956
1 0.5 0.1368671875 1 0.14940625000000002
2 0.989535192563081 0.1383046875 0.02092961487383797 0.04476562500000001
11 0.2911686586985392 0.41021875 0.08888446215139444 0.012531249999999971