16 0.3744754316069057 0.028226562500000087 0.04957503320053126 0.013843749999999844
10 0.2898406374501992 0.07483593749999998 0.0631208499335989 0.007210937500000014
16 0.5533333333333333 0.07503906249999996 0.08681274900398407 0.009015624999999972
11 0.5288844621513944 0.1298671875 0.037915006640106184 0.008335937500000057
0 0.49913678618857904 0.664859375 0.45440903054448883 0.05394531250000014
22 0.4998140770252324 0.8337031249999999 0.6340239043824702 0.2532031250000003
26 0.22556440903054448 0.8065234374999999 0.014488711819389143 0.009312500000000057
29 0.22588313413014607 0.8205156250000002 0.013851261620185932 0.009726562499999859
28 0.5068525896414343 0.8065468750000001 0.0141301460823373 0.00896874999999966
27 0.5067994687915006 0.8205781250000002 0.015285524568393083 0.008710937499999715
23 0.25257636122177957 0.9050312500000001 0.06981407702523239 0.005039062499999858
21 0.2346082337317397 0.8446796875 0.036440903054448866 0.005187500000000256
19 0.25225763612217794 0.7729140624999999 0.07045152722443561 0.005531249999999943
33 0.2765869853917663 0.7790859375 0.12038512616201864 0.006171874999999716
21 0.23512616201859232 0.7384140625000001 0.037463479415670624 0.005632812500000028
23 0.2519389110225764 0.7456093750000001 0.0711022576361222 0.006046874999999829
21 0.2352456839309429 0.87153125 0.03515272244355913 0.0052656249999998295
23 0.25223107569721115 0.8783124999999998 0.07103585657370519 0.005609375000000227
31 0.45945551128818063 0.9377500000000001 0.050916334661354624 0.006664062499999801
34 0.35861885790172643 0.9378828124999998 0.03282868525896418 0.005796875000000057
25 0.20284196547144756 0.9850625000000001 0.030664010624169954 0.01897656249999997