28 0.4136692913385827 0.6032265625000001 0.02125984251968504 0.011867187499999866
0 0.4990551181102362 0.714421875 0.4563622047244094 0.018507812499999686
22 0.4994015748031496 0.8576562500000001 0.6318740157480315 0.2154531249999998
21 0.23497637795275592 0.7760781250000001 0.03680314960629922 0.004632812500000227
23 0.25149606299212596 0.7875 0.07170078740157476 0.005968750000000256
20 0.2536220472440945 0.8158750000000001 0.07409448818897639 0.004554687499999943
19 0.25223622047244093 0.8216015625 0.06948031496062992 0.0041015625
33 0.27692913385826773 0.8274453125000001 0.11979527559055117 0.005242187500000028
26 0.22481889763779525 0.8438828125000001 0.016503937007874045 0.007890625000000285
29 0.22524409448818897 0.8553984374999999 0.01640944881889766 0.0075781249999998575
28 0.5067716535433071 0.8439296875 0.014519685039370121 0.0070703125000001425
27 0.5061732283464567 0.8556093749999999 0.014251968503936936 0.007531250000000256
34 0.35036220472440943 0.9477343749999999 0.03272440944881894 0.0053593749999997446
17 0.3973070866141732 0.9476093750000001 0.05149606299212597 0.0056171874999996875
31 0.45135433070866143 0.9479921874999999 0.0510708661417322 0.004843749999999858
25 0.20324409448818898 0.9873359374999999 0.03066141732283469 0.015195312499999858
30 0.2995905511811024 0.9873593750000002 0.09083464566929135 0.010593750000000313