3 0.5404566929133858 0.006609375000000001 0.7139055118110237 0.013101562499999997
30 0.22288188976377954 0.0064921875000000006 0.07522834645669288 0.0081640625
9 0.7903937007874016 0.0190546875 0.04840944881889765 0.005117187499999998
5 0.7089291338582677 0.030679687500000004 0.21321259842519683 0.011929687499999998
5 0.7998582677165356 0.03053125 0.01812598425196849 0.008937499999999998
32 0.4911181102362205 0.0445625 0.6034173228346458 0.015632812500000003
8 0.20496062992125985 0.0460234375 0.024000000000000014 0.005656249999999996
17 0.2981259842519685 0.045765625 0.09319685039370079 0.010406249999999995
4 0.4037165354330709 0.045703125 0.09022047244094482 0.00911718749999999
12 0.4848188976377953 0.046140625000000005 0.04538582677165362 0.005890625000000005
11 0.5835433070866142 0.046117187500000004 0.03341732283464571 0.006421874999999999
10 0.6968188976377953 0.045703125 0.052913385826771686 0.004421874999999997
1 0.5000787401574803 0.1151328125 0.9998425196850393 0.12667968749999997
2 0.989763779527559 0.11640625 0.02047244094488189 0.0390625
16 0.37422047244094486 0.6180703125 0.04855118110236218 0.010281250000000065