3 0.5283434835566382 0.00846875 0.689768574908648 0.0169375
30 0.22322777101096225 0.007710937499999999 0.07524969549330089 0.01184375
9 0.7910353227771012 0.02425 0.04858708891595627 0.005726562499999999
5 0.7085870889159561 0.039796874999999995 0.2117783191230206 0.014812500000000006
5 0.7998294762484774 0.0398984375 0.017283800243605426 0.010750000000000004
32 0.4907673568818514 0.057640625 0.6028258221680877 0.018179687500000007
8 0.2048964677222899 0.059703125 0.02358099878197322 0.00579687499999999
17 0.29935444579780757 0.05946875 0.09025578562728376 0.012882812500000007
4 0.4037271619975639 0.0590546875 0.0899147381242388 0.012054687500000005
12 0.48370280146163214 0.0590546875 0.04401948842874542 0.006554687499999989
11 0.5842265529841656 0.0590859375 0.03168087697929353 0.005937499999999996
10 0.6986236297198539 0.0590859375 0.05246041412911076 0.005937499999999996
1 0.500462850182704 0.1493671875 0.999062119366626 0.16304687499999995
2 0.99 0.150890625 0.020000000000000087 0.05039843749999999
12 0.28904993909866017 0.691421875 0.04287454323995127 0.005617187500000042
12 0.5467722289890378 0.690875 0.04341047503045065 0.004515624999999979
12 0.5464920828258222 0.9054140625 0.04283800243605354 0.007007812499999844
12 0.2887576126674787 0.897296875 0.042302070645554225 0.006359374999999901