26 0.520462850182704 0.21696875000000002 0.013666260657734504 0.009937499999999844
0 0.49997563946406826 0.7334218750000001 0.4564433617539586 0.06029687500000023
22 0.5 0.8676484375000001 0.6306333739342266 0.17581249999999998
21 0.2356760048721072 0.812859375 0.03630937880633374 0.005749999999999744
23 0.25220462850182707 0.8197968750000001 0.07077953714981731 0.006429687499999659
20 0.25422655298416563 0.8488828125000001 0.07411693057247262 0.007257812499999972
19 0.2531546894031669 0.8571406249999999 0.07057247259439707 0.006031250000000199
33 0.2773812423873325 0.8637421875000001 0.11973203410475032 0.005578125000000256
26 0.2256029232643118 0.8862421875 0.016163215590742974 0.010078124999999716
29 0.22534713763702802 0.9020078125000002 0.014957369062119334 0.010218749999999943
28 0.5067722289890377 0.886328125 0.01449451887941532 0.010257812500000085
27 0.5069427527405603 0.9019140624999998 0.014141291108404402 0.010039062500000284
31 0.4522533495736906 0.9323359374999999 0.05088915956151032 0.006718750000000284
17 0.3972716199756395 0.9322890625 0.05019488428745437 0.005718749999999773
34 0.35130328867235083 0.93240625 0.03203410475030445 0.005492187499999801
25 0.20347137637028015 0.9832578125000001 0.03148599269183925 0.02028125000000003
30 0.2994397076735688 0.9833281249999999 0.09149817295980513 0.013593749999999715