12 0.9268456375838926 0.554296875 0.005369127516778523 0.04765625
12 0.6060402684563758 0.554296875 0.0087248322147651 0.04765625
12 0.6067114093959731 0.25390625 0.008053691275167786 0.04765625
32 0.48758389261744967 0.5 0.09194630872483221 0.5296875
22 0.2771812080536913 0.499609375 0.2751677852348993 0.7328125
21 0.362751677852349 0.1921875 0.0087248322147651 0.04140625
23 0.3516778523489933 0.21171875 0.008053691275167786 0.08046875
20 0.3057046979865772 0.214453125 0.008053691275167786 0.0859375
19 0.29395973154362415 0.2125 0.008053691275167786 0.08046875
33 0.2825503355704698 0.241015625 0.0087248322147651 0.140625
26 0.24798657718120806 0.180078125 0.01476510067114094 0.0171875
29 0.22348993288590605 0.18046875 0.01476510067114094 0.0171875
28 0.2483221476510067 0.5078125 0.015436241610738255 0.0171875
27 0.22416107382550335 0.507421875 0.014093959731543624 0.01640625
31 0.17583892617449665 0.44453125 0.010738255033557046 0.05703125
17 0.17583892617449665 0.38046875 0.00738255033557047 0.05859375
34 0.1761744966442953 0.3265625 0.0087248322147651 0.034375
25 0.09664429530201342 0.15390625 0.030201342281879196 0.0359375
30 0.09630872483221477 0.266796875 0.02080536912751678 0.10625