3 0.9161073825503355 0.5140625 0.025503355704697986 0.76015625
30 0.9167785234899329 0.177734375 0.0174496644295302 0.08515625
9 0.8916107382550336 0.83828125 0.0087248322147651 0.0546875
5 0.8677852348993289 0.742578125 0.024161073825503355 0.24609375
5 0.8674496644295302 0.849609375 0.010738255033557046 0.0125
32 0.838255033557047 0.488671875 0.03087248322147651 0.696875
8 0.8365771812080537 0.156640625 0.00738255033557047 0.025
17 0.8365771812080537 0.26484375 0.01879194630872483 0.10625
4 0.837248322147651 0.387109375 0.020134228187919462 0.10546875
12 0.837248322147651 0.481640625 0.010067114093959731 0.04921875
11 0.836241610738255 0.59765625 0.009395973154362415 0.03359375
10 0.8369127516778524 0.73046875 0.010067114093959731 0.05703125
11 0.7694630872483221 0.251171875 0.015436241610738255 0.08515625
11 0.7993288590604026 0.262109375 0.008053691275167786 0.03828125
5 0.7100671140939597 0.500390625 0.024832214765100672 0.5875
5 0.709731543624161 0.770703125 0.016778523489932886 0.01875
12 0.4023489932885906 0.553125 0.008053691275167786 0.04765625
12 0.4023489932885906 0.25390625 0.009395973154362415 0.0484375
12 0.08120805369127516 0.2546875 0.00738255033557047 0.0484375
12 0.07181208053691275 0.554296875 0.0026845637583892616 0.04765625