3 0.08389261744966443 0.5140625 0.025503355704697986 0.76015625
30 0.08322147651006712 0.177734375 0.0174496644295302 0.08515625
9 0.10838926174496644 0.83828125 0.0087248322147651 0.0546875
5 0.13221476510067115 0.742578125 0.024161073825503355 0.24609375
5 0.1325503355704698 0.849609375 0.010738255033557046 0.0125
32 0.16174496644295303 0.488671875 0.03087248322147651 0.696875
8 0.1634228187919463 0.156640625 0.00738255033557047 0.025
17 0.1634228187919463 0.26484375 0.01879194630872483 0.10625
4 0.16275167785234898 0.387109375 0.020134228187919462 0.10546875
12 0.16275167785234898 0.481640625 0.010067114093959731 0.04921875
11 0.16375838926174496 0.59765625 0.009395973154362415 0.03359375
10 0.16308724832214766 0.73046875 0.010067114093959731 0.05703125
11 0.23053691275167784 0.251171875 0.015436241610738255 0.08515625
11 0.20067114093959731 0.262109375 0.008053691275167786 0.03828125
5 0.28993288590604027 0.500390625 0.024832214765100672 0.5875
5 0.2902684563758389 0.770703125 0.016778523489932886 0.01875
12 0.5976510067114094 0.553125 0.008053691275167786 0.04765625
12 0.5976510067114094 0.25390625 0.009395973154362415 0.0484375
12 0.9187919463087248 0.2546875 0.00738255033557047 0.0484375
12 0.9281879194630872 0.554296875 0.0026845637583892616 0.04765625