12 0.5466442953020134 0.003125 0.04093959731543624 0.00625
12 0.5468053691275168 0.3765390625 0.04099328859060398 0.0098515625000001
12 0.288751677852349 0.37585156249999996 0.040664429530201364 0.009531249999999858
32 0.4999865771812081 0.5144375 0.4549530201342283 0.10701562500000002
22 0.49953691275167783 0.7594375 0.6293691275167786 0.32030468749999985
21 0.23561744966442952 0.6596250000000001 0.035308724832214776 0.009843750000000285
23 0.2523489932885906 0.672578125 0.06938926174496643 0.009203124999999802
20 0.2547181208053691 0.7261484374999998 0.07352348993288588 0.009429687499999773
19 0.25290604026845637 0.7397187500000001 0.06926845637583895 0.009289062500000255
33 0.2774295302013423 0.7530625000000001 0.12079194630872485 0.01015625
26 0.22526174496644294 0.7933046874999998 0.01459731543624161 0.017453125000000114
29 0.22553691275167786 0.8220468749999998 0.01453691275167783 0.016804687500000172
28 0.5068791946308725 0.7931249999999999 0.014436241610738249 0.01780468749999997
27 0.506476510067114 0.821109375 0.014255033557046985 0.01637500000000003
31 0.4524832214765101 0.8771562500000002 0.04926845637583898 0.012234374999999886
17 0.3973758389261745 0.8774062499999999 0.0500201342281879 0.008859375000000114
34 0.3511208053691275 0.8767968750000001 0.02962416107382557 0.010078124999999716
25 0.20273154362416107 0.9696562499999999 0.030570469798657688 0.03506250000000009
30 0.29949664429530204 0.9697578124999999 0.09095973154362415 0.024507812499999913