3 0.5119463087248322 0.015476562499999999 0.6529127516778525 0.0295234375
30 0.22302013422818792 0.014703125000000001 0.07301342281879192 0.020601562500000004
9 0.7905503355704698 0.044015625 0.046684563758389225 0.010507812500000002
5 0.7083221476510068 0.07184375 0.21114093959731536 0.02811718750000001
5 0.8002550335570471 0.0724375 0.010939597315436363 0.01265624999999999
32 0.4901744966442953 0.1061953125 0.5987785234899329 0.03566406249999998
8 0.20508053691275166 0.10815625 0.021335570469798632 0.00891406250000002
17 0.29806040268456374 0.1083671875 0.09105369127516776 0.0220234375
4 0.40302013422818794 0.10735937499999999 0.09031543624161069 0.023187500000000007
12 0.4843825503355705 0.1073046875 0.04236241610738248 0.011453125000000019
11 0.583986577181208 0.10873437500000001 0.029093959731543564 0.0111328125
10 0.6978993288590604 0.10794531249999999 0.04895973154362404 0.011874999999999991
11 0.28634899328859065 0.186328125 0.07308053691275167 0.018328124999999983
11 0.2956577181208053 0.15159375 0.03267114093959728 0.009125000000000005
5 0.500255033557047 0.25549218749999997 0.5045302013422819 0.028773437500000033
5 0.7324026845637583 0.2560234375 0.01626845637583878 0.01925781249999998
12 0.5455771812080537 0.6136250000000001 0.04126174496644296 0.009328125000000043
12 0.2887114093959732 0.613515625 0.04148322147651011 0.011234375000000085
12 0.2893020134228188 0.9875937499999999 0.04175167785234902 0.008890625000000086
12 0.5466442953020134 0.9984375 0.04093959731543624 0.003125
2 0.9896912751677853 0.27349999999999997 0.020617449664429396 0.09141406249999999