16 0.6252399232245681 0.56953125 0.04894433781190019 0.0171875
0 0.5 0.65859375 0.45681381957773515 0.0734375
22 0.5 0.83203125 0.6305182341650671 0.22421875
26 0.77447216890595 0.855859375 0.014395393474088292 0.0125
29 0.77447216890595 0.875390625 0.014395393474088292 0.0109375
28 0.4932821497120921 0.85546875 0.015355086372360844 0.01328125
27 0.4937619961612284 0.875 0.014395393474088292 0.01171875
31 0.5479846449136276 0.9140625 0.04798464491362764 0.00703125
17 0.6026871401151631 0.913671875 0.04894433781190019 0.00859375
34 0.6487523992322457 0.9140625 0.030710172744721688 0.00703125
25 0.7965451055662188 0.978515625 0.03166986564299424 0.025
30 0.7005758157389635 0.97890625 0.09117082533589252 0.01796875