3 0.5278790786948176 0.010859375000000001 0.688454894433781 0.021718750000000002
30 0.2230038387715931 0.010437499999999999 0.07293666026871401 0.015046875000000005
9 0.7903262955854127 0.030875000000000003 0.04630518234165067 0.007999999999999997
5 0.7084836852207294 0.050093750000000006 0.212763915547025 0.019195312499999995
5 0.7999040307101728 0.049859375 0.007754318618042157 0.008382812500000003
32 0.48991362763915547 0.07275000000000001 0.6009692898272553 0.025023437500000002
8 0.20499040307101726 0.0756484375 0.023886756238003827 0.008562500000000006
17 0.29830134357005755 0.0755 0.08828214971209214 0.014210937499999998
4 0.40284069097888675 0.0753203125 0.0893570057581574 0.014578124999999997
12 0.48399232245681384 0.07572656250000001 0.04455854126679458 0.0072265625
11 0.5841938579654511 0.07665625000000001 0.03241842610364681 0.008343750000000006
10 0.6969481765834933 0.0753515625 0.04991362763915546 0.007968749999999991
1 0.5 0.18936718749999998 1 0.20676562500000006
2 0.9896928982725528 0.191921875 0.020604606525911517 0.0643984375