16 0.3747984644913628 0.5695859375 0.049366602687140056 0.017132812499999872
0 0.4997792706333973 0.6586171875000002 0.45643953934740894 0.07344531250000016
22 0.49998080614203455 0.8319609374999999 0.6302399232245681 0.22431249999999991
26 0.2254126679462572 0.8557500000000001 0.014395393474088292 0.012210937500000085
29 0.2254510556621881 0.8755781249999999 0.014318618042226504 0.011249999999999715
28 0.5068809980806142 0.8552812500000002 0.015143953934740858 0.013195312500000255
27 0.5064011516314779 0.8751249999999999 0.014203454894433738 0.011640624999999715
31 0.45209213051823416 0.9141874999999999 0.04809021113243763 0.007249999999999801
17 0.397341650671785 0.9135390624999999 0.04865642994241847 0.008539062500000227
34 0.3511804222648752 0.9140546874999999 0.0307677543186181 0.006992187499999858
25 0.20332053742802306 0.9783515625 0.03197696737044145 0.0253671875000002
30 0.2992802303262956 0.9787734374999999 0.09086372360844536 0.01782812499999977