3 0.472168905950096 0.0109375 0.6880998080614203 0.021875
30 0.7768714011516314 0.010546875 0.07293666026871401 0.01484375
9 0.20969289827255277 0.030859375 0.046065259117082535 0.0078125
5 0.29174664107485604 0.05 0.21305182341650672 0.01953125
5 0.20009596928982726 0.05 0.007677543186180422 0.00859375
32 0.5100767754318618 0.07265625 0.6007677543186181 0.025
8 0.79510556621881 0.07578125 0.02399232245681382 0.00859375
17 0.7015355086372361 0.075390625 0.08829174664107485 0.0140625
4 0.5969289827255279 0.075390625 0.0892514395393474 0.01484375
12 0.5158349328214972 0.07578125 0.044145873320537425 0.00703125
11 0.41602687140115163 0.0765625 0.03262955854126679 0.00859375
10 0.30326295585412666 0.075390625 0.04990403071017274 0.0078125
1 0.5 0.189453125 1 0.20703125
2 0.010076775431861805 0.191796875 0.02015355086372361 0.0640625