3 0.5284090909090909 0.00703125 0.6917613636363636 0.0140625
32 0.49076704545454547 0.04921875 0.6008522727272727 0.01640625
8 0.20525568181818182 0.0515625 0.022727272727272728 0.00546875
4 0.40269886363636365 0.051171875 0.09232954545454546 0.009375
12 0.484375 0.051171875 0.046875 0.00546875
11 0.5838068181818182 0.05078125 0.032670454545454544 0.00546875
10 0.6967329545454546 0.05078125 0.052556818181818184 0.00703125
9 0.7911931818181818 0.020703125 0.048295454545454544 0.00625
1 0.5007102272727273 0.12734375 0.9985795454545454 0.14140625
2 0.9893465909090909 0.12890625 0.02130681818181818 0.0421875
16 0.3742897727272727 0.45 0.046875 0.01171875