3 0.5281107954545455 0.007078125 0.6911363636363638 0.014015625
32 0.49072443181818187 0.049328125 0.60078125 0.016390624999999992
8 0.20525568181818182 0.051500000000000004 0.02204545454545452 0.0057421874999999956
4 0.4024573863636363 0.0511484375 0.09187499999999993 0.009320312500000006
12 0.4843181818181818 0.051359375 0.046548295454545426 0.0054609375000000075
11 0.584034090909091 0.0509296875 0.033039772727272716 0.0057421874999999956
10 0.696590909090909 0.0506484375 0.05301136363636371 0.006890624999999995
9 0.7909090909090909 0.020867187500000002 0.048196022727272816 0.005882812500000001
1 0.5004829545454546 0.12721875 0.999034090909091 0.1414453125
2 0.9893465909090909 0.12890625 0.02130681818181818 0.0421875
16 0.37448863636363633 0.44985937500000006 0.04670454545454545 0.01193749999999998