0 0.4994921070693205 0.5408125 0.4551269732326698 0.10426562500000003
22 0.5002059025394646 0.7731015625000002 0.6311393273850379 0.29588281250000037
31 0.4519148936170213 0.8800703124999998 0.048105696636925134 0.010789062500000312
17 0.3974262182566918 0.8800703124999998 0.05138641043239526 0.00995312499999983
34 0.3507824296499657 0.8798593749999999 0.03243651338366506 0.011203125000000114
26 0.22577213452299244 0.8145234375000001 0.014941660947151669 0.017421875000000142
28 0.507124227865477 0.8145234375000001 0.01348661633493486 0.017421875000000142
21 0.23470144131777623 0.6850937500000001 0.03498970487302678 0.009125000000000227
23 0.2520178448867536 0.6983671874999999 0.06888126286890872 0.009125000000000227
20 0.2534728894989705 0.7506328124999999 0.07179821551132465 0.010789062500000312
19 0.25365820178448867 0.7635000000000002 0.07143445435827045 0.00995312499999983
33 0.27698009608785173 0.7767734374999999 0.12026767330130406 0.011617187499999914
25 0.20312971859986273 0.9702500000000001 0.030940288263555278 0.03339062499999983
30 0.2987645847632121 0.9713906250000001 0.09201784488675364 0.023781249999999688