3 0.5075497597803706 0.01484375 0.6458476321207962 0.0296875
30 0.22340425531914893 0.013671875 0.0727522306108442 0.02109375
9 0.790665751544269 0.0421875 0.04598490048043926 0.01015625
5 0.7086479066575154 0.069921875 0.212079615648593 0.02578125
5 0.7999313658201784 0.0703125 0.01098146877144818 0.01171875
32 0.4921070693205216 0.101953125 0.5978037062457103 0.0359375
8 0.2052161976664379 0.10546875 0.023335621139327384 0.009375
17 0.29855868222374743 0.105078125 0.09059711736444749 0.021875
4 0.40356897735072067 0.1046875 0.08991077556623199 0.0203125
12 0.48455730954015097 0.104296875 0.041866849691146193 0.0109375
11 0.5837336993822924 0.105078125 0.030199039121482498 0.01171875
10 0.698009608785175 0.1046875 0.050102951269732326 0.01328125
11 0.2964996568291009 0.148046875 0.03225806451612903 0.0109375
11 0.2862045298558682 0.18203125 0.07481125600549074 0.0203125
5 0.7326698695950583 0.251171875 0.01029512697323267 0.01171875
5 0.5003431708991077 0.25 0.5037748798901853 0.0265625
2 0.9897048730267674 0.268359375 0.02059025394646534 0.08828125