0 0.49965682910089226 0.459375 0.455044612216884 0.10390625
22 0.5003431708991077 0.226953125 0.6314344543582704 0.29609375
31 0.45195607412491423 0.119921875 0.04804392587508579 0.0109375
17 0.3973919011667811 0.119921875 0.05147563486616335 0.01015625
34 0.3507206588881263 0.1203125 0.03225806451612903 0.0109375
26 0.22580645161290322 0.185546875 0.015099519560741249 0.0171875
28 0.5072065888812629 0.185546875 0.013726835964310227 0.0171875
21 0.23472889498970487 0.31484375 0.035003431708991076 0.009375
23 0.25188743994509266 0.3015625 0.06863417982155114 0.009375
20 0.25360329444063145 0.24921875 0.0720658888126287 0.0109375
19 0.25360329444063145 0.236328125 0.07137954701441318 0.01015625
33 0.2769389155799588 0.223046875 0.12010981468771448 0.01171875
25 0.20315717227179136 0.0296875 0.03088538091969801 0.03359375
30 0.29890185312285517 0.028515625 0.09196980096087852 0.0234375