3 0.5076458476321208 0.01503125 0.6455593685655457 0.0300625
30 0.2232601235415237 0.013820312500000001 0.07284831846259436 0.020874999999999998
9 0.7907069320521619 0.042312499999999996 0.046087851750171646 0.01015625
5 0.7087645847632121 0.06978124999999999 0.21181194234728903 0.025499999999999988
5 0.7998009608785175 0.0702421875 0.010995195607412479 0.011593750000000003
32 0.4922649279341112 0.10200781249999999 0.597563486616335 0.03616406250000002
8 0.20529855868222374 0.105484375 0.023623884694577872 0.009734374999999984
17 0.2985792724776939 0.10525 0.09042553191489362 0.02225781250000001
4 0.40346602608098836 0.10455468750000001 0.09002059025394653 0.019937499999999986
12 0.4845229924502403 0.1043203125 0.04195607412491428 0.011125000000000006
11 0.583713109128346 0.10501562499999999 0.03014413177762531 0.01159374999999998
10 0.6979684282772821 0.1047890625 0.050102951269732326 0.012984375000000003
11 0.29633493479752915 0.14790625 0.032182566918325314 0.011125000000000006
11 0.28615648592999315 0.181984375 0.07454358270418669 0.019937499999999986
5 0.7327934111187372 0.2510703125 0.010590253946465228 0.011593750000000024
5 0.5004118050789294 0.24991406249999998 0.5038709677419355 0.026890624999999967
2 0.9897597803706245 0.26835156250000003 0.020480439258750958 0.08839843749999998