0 0.4996774193548387 0.7451953124999999 0.45436724565756825 0.025171875000000198
22 0.4991935483870968 0.8739062499999999 0.6318362282878411 0.1651406250000001
26 0.22528535980148884 0.8970937500000001 0.015533498759305188 0.009320312500000228
26 0.506439205955335 0.896859375 0.014057071960297818 0.009320312500000228
31 0.4515012406947891 0.9334375000000001 0.049937965260545905 0.0051250000000003125
34 0.34977667493796527 0.9335546874999998 0.030707196029776673 0.005820312499999858
25 0.20308933002481389 0.9837499999999999 0.030334987593052094 0.019101562499999857
21 0.23528535980148882 0.8241875000000001 0.03699751861042183 0.005593749999999886
23 0.2524813895781638 0.831984375 0.07065756823821338 0.005820312499999858
19 0.2524813895781638 0.85353125 0.07140198511166254 0.005593749999999886
33 0.2761538461538462 0.8608750000000001 0.12096774193548387 0.006289062500000142