0 0.4993796526054591 0.7453125 0.45409429280397023 0.025
22 0.4993796526054591 0.873828125 0.6315136476426799 0.16484375
26 0.22518610421836227 0.897265625 0.016129032258064516 0.009375
26 0.5062034739454094 0.896875 0.013647642679900745 0.009375
31 0.45161290322580644 0.93359375 0.04962779156327544 0.00546875
34 0.34987593052109184 0.93359375 0.031017369727047148 0.00546875
25 0.20285359801488834 0.98359375 0.02977667493796526 0.01875
21 0.23511166253101737 0.82421875 0.03722084367245657 0.00546875
23 0.2524813895781638 0.83203125 0.0707196029776675 0.00546875
19 0.2524813895781638 0.853515625 0.07196029776674938 0.00546875
33 0.2760545905707196 0.8609375 0.12158808933002481 0.00625