3 0.5359801488833746 0.007421875 0.7047146401985112 0.01484375
9 0.7909429280397022 0.023828125 0.04714640198511166 0.00703125
10 0.6991315136476427 0.05859375 0.05334987593052109 0.00703125
11 0.5831265508684863 0.058203125 0.03225806451612903 0.00625
32 0.49007444168734493 0.057421875 0.6017369727047146 0.01953125
8 0.20471464019851116 0.05859375 0.022332506203473945 0.0046875
4 0.40384615384615385 0.059375 0.09181141439205956 0.01328125
12 0.4844913151364764 0.05859375 0.03970223325062035 0.00546875
1 0.5 0.146484375 1 0.159375
2 0.989454094292804 0.147265625 0.02109181141439206 0.0484375
11 0.2866004962779156 0.309375 0.07568238213399504 0.0125