3 0.5359801488833746 0.007421875 0.7047146401985112 0.01484375
9 0.7909305210918114 0.0236484375 0.0477543424317618 0.0072031249999999995
10 0.698908188585608 0.058734375000000005 0.0537220843672456 0.0072031249999999995
11 0.5830024813895781 0.0581015625 0.031836228287841155 0.0059531250000000036
32 0.49023573200992554 0.057320312500000005 0.6014143920595534 0.019421875000000012
8 0.20470223325062037 0.058578125 0.022382133995037246 0.004382812500000011
4 0.4036724565756824 0.059203125 0.09202233250620342 0.013156250000000003
12 0.48450372208436726 0.058421875 0.03980148883374695 0.005328124999999994
1 0.5 0.1465546875 1 0.1594296875
2 0.9896898263027296 0.14744531249999998 0.020620347394540807 0.04860156249999999
11 0.2864764267990075 0.30939843749999996 0.07595533498759302 0.01216406250000004