3 0.45148356054530875 0.98671875 0.7265437048917401 0.025
30 0.776663993584603 0.98828125 0.07297514033680834 0.01640625
9 0.20930232558139536 0.96328125 0.04570970328789094 0.00859375
5 0.29109863672814756 0.939453125 0.21331194867682438 0.0234375
5 0.20008019246190858 0.940234375 0.01764234161988773 0.0171875
32 0.5092221331194867 0.912109375 0.6038492381716118 0.03125
8 0.7943063352044908 0.908984375 0.023255813953488372 0.00859375
17 0.7012830793905372 0.91015625 0.09222133119486768 0.0203125
4 0.5974338412189254 0.909375 0.09222133119486768 0.01796875
12 0.5152365677626303 0.909375 0.04330392943063352 0.01015625
11 0.4153969526864475 0.908984375 0.03127506014434643 0.0109375
10 0.3023255813953488 0.909765625 0.05132317562149158 0.01015625
33 0.22133119486768243 0.774609375 0.05052125100240577 0.0171875
0 0.5 0.772265625 1 0.24921875
2 0.009623095429029671 0.77109375 0.019246190858059342 0.07578125