3 0.5486928628708901 0.0131015625 0.7262951082598236 0.024820312500000004
30 0.2232076984763432 0.01178125 0.07297514033680834 0.0164453125
9 0.7905773857257418 0.036671875 0.04570168404170009 0.008882812500000004
5 0.7090457097032878 0.0605859375 0.21347233360064158 0.0234609375
5 0.7999919807538092 0.059671875 0.01744987971130713 0.017031250000000008
32 0.49089013632718526 0.08792968749999999 0.6036327185244588 0.03111718750000001
8 0.20554931836407378 0.09096875 0.02353648757016842 0.008523437499999998
17 0.29878909382518043 0.0898203125 0.09226944667201288 0.0199921875
4 0.40238171611868484 0.090453125 0.09225340817963108 0.01781250000000001
12 0.4849077786688051 0.090625 0.04303929430633526 0.010125000000000006
11 0.5844426623897353 0.0910859375 0.03137129109863664 0.011046874999999989
10 0.6976343223736969 0.090109375 0.05171611868484363 0.01024218750000001
33 0.7788051323175621 0.22535937499999997 0.05040898155573368 0.01693749999999996
0 0.5 0.22778125 1 0.2492109375
2 0.9903127506014435 0.22888281250000003 0.019374498797112956 0.07612500000000004