16 0.6255012028869287 0.51484375 0.04971932638331997 0.02109375
0 0.5008019246190858 0.4046875 0.4603047313552526 0.04375
22 0.4995990376904571 0.20078125 0.6295108259823576 0.2671875
21 0.7646351242983159 0.284765625 0.03688853247794707 0.009375
23 0.7477947072975141 0.2734375 0.06976744186046512 0.00859375
19 0.7477947072975141 0.217578125 0.06976744186046512 0.009375
33 0.7229350441058541 0.205859375 0.1210906174819567 0.01171875
26 0.7746591820368885 0.172265625 0.015236567762630313 0.015625
29 0.7750601443464314 0.148828125 0.015236567762630313 0.015625
28 0.49318364073777066 0.171875 0.015236567762630313 0.01484375
31 0.5473135525260625 0.101953125 0.048115477145148355 0.00859375
17 0.6022453889334403 0.10234375 0.04891740176423416 0.009375
34 0.6479550922213312 0.101953125 0.030473135525260625 0.009375
30 0.7967121090617482 0.025 0.03127506014434643 0.0296875
30 0.7004811547714515 0.024609375 0.09141940657578188 0.02109375