3 0.006415396952686447 0.546875 0.012830793905372895 0.7078125
30 0.0036086607858861267 0.230078125 0.007217321571772253 0.07109375
9 0.02445870088211708 0.783203125 0.008821170809943865 0.04453125
5 0.04891740176423416 0.703515625 0.024057738572574178 0.2078125
5 0.048115477145148355 0.7921875 0.01764234161988773 0.0171875
32 0.07698476343223737 0.491015625 0.03207698476343224 0.58828125
8 0.08019246190858059 0.21328125 0.008821170809943865 0.02265625
17 0.07898957497995189 0.30390625 0.020850040096230954 0.08984375
4 0.0797914995990377 0.405078125 0.018444266238973536 0.08984375
12 0.0797914995990377 0.48515625 0.010425020048115477 0.0421875
11 0.08019246190858059 0.582421875 0.011226944667201283 0.03046875
10 0.07939053728949479 0.692578125 0.010425020048115477 0.05
33 0.2181234963913392 0.771484375 0.01764234161988773 0.04921875
0 0.22052927024859664 0.5 0.2558139534883721 0.97421875
2 0.22173215717722533 0.977734375 0.07778668805132317 0.01875