16 0.4847634322373697 0.377734375 0.02165196471531676 0.0484375
0 0.5978348035284683 0.49921875 0.04490777866880513 0.4484375
22 0.8071371291098637 0.500390625 0.27425821972734565 0.61328125
21 0.7209302325581395 0.2421875 0.009623095429029671 0.0359375
23 0.7325581395348837 0.25859375 0.008821170809943865 0.06796875
19 0.7898957497995188 0.25859375 0.009623095429029671 0.06796875
33 0.8019246190858059 0.2828125 0.012028869286287089 0.11796875
26 0.8364073777064955 0.232421875 0.01603849238171612 0.01484375
29 0.8604651162790697 0.23203125 0.01603849238171612 0.01484375
28 0.8368083400160385 0.506640625 0.015236567762630313 0.01484375
31 0.9085805934242182 0.45390625 0.008821170809943865 0.046875
17 0.9085805934242182 0.400390625 0.009623095429029671 0.04765625
34 0.9085805934242182 0.355859375 0.009623095429029671 0.0296875
30 0.9859663191659984 0.210546875 0.028067361668003207 0.03046875
30 0.9879711307137129 0.3046875 0.02165196471531676 0.0890625