16 0.3746591820368885 0.485171875 0.04986367281475537 0.020914062499999986
0 0.4991259021651964 0.595375 0.4606736166800321 0.04337500000000016
22 0.5005212510024057 0.7990859374999999 0.6296230954290297 0.2675546875000002
21 0.23543704891740175 0.715265625 0.03659983961507617 0.009054687500000113
23 0.25230954290296714 0.7266796875000001 0.06939053728949476 0.00858593749999983
19 0.25230954290296714 0.7823437500000001 0.06939053728949476 0.009070312499999744
33 0.2770649558941459 0.79421875 0.1208179631114675 0.011406250000000284
26 0.22515637530072172 0.8277109374999998 0.015092221331194908 0.015234375
29 0.22491579791499602 0.851140625 0.015565356856455468 0.015335937500000086
28 0.506672012830794 0.8279921874999999 0.014955894145950353 0.014671874999999801
31 0.4525581395348837 0.8978984375 0.0482357658380113 0.008250000000000313
17 0.39772253408179636 0.8978515625 0.04852445870088211 0.009093750000000256
34 0.35198075380914196 0.8980390624999999 0.030657578187650376 0.009460937499999744
30 0.20336006415396954 0.9748281250000002 0.031427425821972735 0.02985156250000003
30 0.2995589414595028 0.9753046874999999 0.09106655974338417 0.02127343749999966