28 0.5868814729574223 0.900390625 0.024165707710011506 0.0140625
12 0.3987341772151899 0.66171875 0.04142692750287687 0.00703125
12 0.4533947065592635 0.56328125 0.04142692750287687 0.00625
12 0.4533947065592635 0.475 0.04142692750287687 0.00703125
0 0.5017261219792866 0.284765625 0.4568469505178366 0.06171875
22 0.5 0.140625 0.6306098964326813 0.18671875
26 0.7744533947065593 0.120703125 0.014959723820483314 0.01015625
29 0.7750287686996548 0.104296875 0.014959723820483314 0.0109375
28 0.49309551208285385 0.1203125 0.014959723820483314 0.01015625
31 0.5069044879171462 0.071875 0.05063291139240506 0.00625
17 0.5609896432681243 0.071875 0.04948216340621404 0.00546875
34 0.6081703107019563 0.071875 0.031070195627157654 0.00625
21 0.7646720368239356 0.1984375 0.03567318757192175 0.00625
23 0.7474108170310702 0.190625 0.07249712313003452 0.00546875
19 0.7474108170310702 0.158984375 0.0713463751438435 0.00625
33 0.7232451093210587 0.1515625 0.12082853855005754 0.00625
25 0.7963176064441887 0.017578125 0.03222094361334868 0.02109375
30 0.7008055235903338 0.01796875 0.09205983889528194 0.0140625