3 0.5075604142692751 0.00946875 0.6446720368239356 0.0189375
30 0.2235097813578826 0.0085 0.07445339470655925 0.0111484375
9 0.7911967779056386 0.025609375 0.049654775604142797 0.0060859375000000045
5 0.7093095512082853 0.041890625 0.21089758342922899 0.015804687500000004
5 0.8000230149597238 0.0419609375 0.01683544303797481 0.011664062499999994
32 0.4907364787111622 0.060890625 0.6026121979286536 0.019523437500000008
8 0.20552359033371692 0.0633515625 0.023762945914844624 0.006593749999999998
17 0.298331415420023 0.0633515625 0.09052934407364782 0.012312499999999994
4 0.40299194476409667 0.0627109375 0.09156501726121985 0.012453124999999999
12 0.4840276179516686 0.0630703125 0.04223245109321064 0.006023437500000006
11 0.5826812428078251 0.062921875 0.0333831990794016 0.0057421874999999956
10 0.6980552359033372 0.0632109375 0.05166858457997709 0.00631250000000001
1 0.5 0.1587890625 1 0.1732421875
2 0.9894591484464903 0.1595546875 0.02107019562715759 0.05235156249999999
16 0.3738550057537399 0.9915703125 0.051093210586881446 0.013429687500000042