3 0.49252013808975836 0.990625 0.6444188722669736 0.01875
30 0.7767548906789413 0.99140625 0.07479861910241657 0.0109375
9 0.2088607594936709 0.97421875 0.04948216340621404 0.00625
5 0.2905638665132336 0.958203125 0.21058688147295743 0.015625
5 0.2002301495972382 0.958203125 0.01726121979286536 0.01171875
32 0.5092059838895282 0.9390625 0.6029919447640967 0.01953125
8 0.7945914844649021 0.93671875 0.024165707710011506 0.00625
17 0.7013808975834293 0.93671875 0.09090909090909091 0.0125
4 0.5972382048331415 0.937109375 0.09205983889528194 0.0125
12 0.5161104718066744 0.937109375 0.04257767548906789 0.00625
11 0.41714614499424624 0.937109375 0.0333716915995397 0.00546875
10 0.3020713463751438 0.93671875 0.05178365937859609 0.00625
1 0.5 0.84140625 1 0.1734375
2 0.010356731875719217 0.840625 0.020713463751438434 0.05234375
16 0.6260069044879172 0.00859375 0.05063291139240506 0.01328125