28 0.4129919447640967 0.09979687500000001 0.023958573072497182 0.014421875000000028
12 0.6013808975834293 0.3380859375 0.04186421173762959 0.0067890625000000425
12 0.5463176064441887 0.4366093749999999 0.041657077100115125 0.005898437500000142
12 0.5463176064441887 0.5248437499999999 0.041657077100115125 0.007257812499999972
0 0.4983084004602992 0.7152968749999999 0.45699654775604154 0.061851562500000054
22 0.4999884925201381 0.8595078125000001 0.6303567318757192 0.18704687500000006
26 0.22527042577675488 0.87940625 0.014775604142692722 0.010062500000000085
29 0.22512082853855006 0.8957578125000001 0.014487917146144965 0.010609374999999944
28 0.5069735327963176 0.8798515625000001 0.014810126582278486 0.0099609375
31 0.49327963176064443 0.9279843750000001 0.05035673187571921 0.006312499999999943
17 0.43875719217491366 0.9281328125000001 0.049850402761795226 0.0056249999999998575
34 0.3915535097813579 0.9283046875000001 0.03121979286536248 0.006460937500000341
21 0.23546605293440737 0.8017109375 0.035166858457997704 0.006000000000000227
23 0.2525086306098964 0.8094296875000001 0.07217491369390107 0.005601562500000057
19 0.25272727272727274 0.8408359375 0.071150747986191 0.0061015625000003125
33 0.2770195627157652 0.8484999999999999 0.12046029919447641 0.0065937499999996875
25 0.20390103567318757 0.9823359374999999 0.03246260069044877 0.021398437500000256
30 0.29941311852704255 0.9822187499999998 0.09254315304948212 0.014335937500000284