9 0.9933665008291874 0.7734375 0.009950248756218905 0.04296875
32 0.9411276948590381 0.49375 0.03150912106135987 0.56953125
8 0.9373963515754561 0.222265625 0.008291873963515755 0.021875
17 0.9378109452736318 0.31015625 0.01990049751243781 0.0859375
4 0.9386401326699834 0.408984375 0.01824212271973466 0.084375
12 0.9382255389718076 0.4859375 0.01077943615257048 0.040625
11 0.9378109452736318 0.57890625 0.007462686567164179 0.028125
10 0.9378109452736318 0.6859375 0.00912106135986733 0.0484375
11 0.9009121061359867 0.3078125 0.008291873963515755 0.0296875
11 0.8698175787728026 0.2984375 0.01824212271973466 0.06953125
5 0.810530679933665 0.50078125 0.024875621890547265 0.47578125
5 0.810530679933665 0.71875 0.01824212271973466 0.01640625