3 0.4900497512437811 0.9875 0.6509121061359867 0.025
9 0.20978441127694858 0.96484375 0.04560530679933665 0.009375
32 0.5066334991708126 0.915625 0.6044776119402985 0.0296875
8 0.7947761194029851 0.912109375 0.02321724709784411 0.0078125
17 0.7014925373134329 0.9125 0.0912106135986733 0.01875
4 0.5966003316749585 0.91328125 0.08955223880597014 0.0171875
12 0.5149253731343284 0.912890625 0.04311774461028192 0.01015625
11 0.41625207296849087 0.9125 0.029850746268656716 0.00703125
10 0.30265339966832505 0.9125 0.05140961857379768 0.00859375
11 0.7039800995024875 0.877734375 0.03150912106135987 0.0078125
11 0.7139303482587065 0.8484375 0.07379767827529021 0.0171875
5 0.49917081260364843 0.792578125 0.5049751243781094 0.0234375
5 0.2678275290215589 0.792578125 0.017412935323383085 0.0171875