0 0.5004145936981758 0.40234375 0.4552238805970149 0.0671875
22 0.5008291873963516 0.194921875 0.6301824212271974 0.2578125
21 0.7645107794361525 0.275 0.03565505804311774 0.009375
23 0.7470978441127695 0.264453125 0.06965174129353234 0.0078125
19 0.7475124378109452 0.221484375 0.06965174129353234 0.00703125
33 0.7230514096185738 0.210546875 0.12023217247097844 0.0078125
26 0.7748756218905473 0.166796875 0.015754560530679935 0.0140625
29 0.7748756218905473 0.14453125 0.014925373134328358 0.01484375
28 0.4937810945273632 0.16640625 0.014925373134328358 0.0140625
31 0.5066334991708126 0.098828125 0.04892205638474295 0.01015625
17 0.5613598673300166 0.09921875 0.04975124378109453 0.01015625
34 0.6077943615257048 0.099609375 0.03233830845771144 0.00859375
25 0.796849087893864 0.024609375 0.029850746268656716 0.028125