3 0.510033167495854 0.0123125 0.6509203980099503 0.024617187500000002
9 0.7900829187396352 0.0353359375 0.04597014925373139 0.009476562499999997
32 0.49320895522388053 0.084375 0.6043283582089554 0.029304687499999992
8 0.20528192371475953 0.08803125 0.02306799336650087 0.008156249999999999
17 0.2985820895522388 0.08742187500000001 0.09101160862354891 0.019140625
4 0.403424543946932 0.0868671875 0.08927031509121068 0.016999999999999994
12 0.4848673300165838 0.087015625 0.04287728026534 0.010195312500000008
11 0.5836235489220564 0.08742187500000001 0.030033167495854086 0.006937499999999997
10 0.6972553897180763 0.087625 0.05126865671641785 0.008968749999999992
11 0.29588723051409616 0.12238281250000001 0.03169154228855724 0.007750000000000012
11 0.28611940298507466 0.1516640625 0.07364842454394697 0.017515625000000014
5 0.5008706467661691 0.2075546875 0.5053067993366501 0.023601562500000027
5 0.7319900497512437 0.20745312500000002 0.017172470978441157 0.01729687499999999