0 0.3963515754560531 0.499609375 0.07131011608623548 0.42890625
22 0.1762023217247098 0.49921875 0.2736318407960199 0.59375
21 0.26119402985074625 0.25078125 0.009950248756218905 0.03359375
23 0.25 0.2671875 0.008291873963515755 0.065625
19 0.20439469320066336 0.266796875 0.007462686567164179 0.065625
33 0.1927860696517413 0.28984375 0.008291873963515755 0.11328125
26 0.14635157545605307 0.241015625 0.014925373134328358 0.01484375
29 0.12271973466003316 0.241015625 0.015754560530679935 0.0140625
28 0.14593698175787728 0.505859375 0.014925373134328358 0.0140625
31 0.074212271973466 0.49375 0.01077943615257048 0.04609375
17 0.07462686567164178 0.4421875 0.01077943615257048 0.046875
34 0.07504145936981758 0.3984375 0.00912106135986733 0.03046875
25 0.004975124378109453 0.2203125 0.009950248756218905 0.028125