0 0.4995771144278607 0.5975625000000001 0.45525704809286893 0.06752343750000005
22 0.49919568822553895 0.8051875 0.6303233830845771 0.2581484375000002
21 0.23548092868988393 0.7250078125000001 0.03601160862354888 0.009367187499999829
23 0.2527363184079602 0.7356718749999999 0.06941956882255391 0.008179687500000199
19 0.2525373134328358 0.7786406249999999 0.06981757877280269 0.0072265625
33 0.2768905472636816 0.7893437500000001 0.12009950248756221 0.007828125000000342
26 0.22523217247097843 0.8330390624999999 0.015986733001658354 0.014281249999999801
29 0.2253067993366501 0.8554765625000001 0.014568822553897222 0.014585937500000057
28 0.5062935323383085 0.8335234374999999 0.014999999999999932 0.013906250000000142
31 0.4932835820895522 0.9011171874999999 0.04921227197346593 0.010062500000000085
17 0.43843283582089554 0.90078125 0.049850746268656626 0.010140624999999659
34 0.39212271973466 0.9005156249999999 0.03212271973466004 0.008867187500000285
25 0.2032752902155887 0.975390625 0.029626865671641807 0.02789843750000003