32 0.9629798903107861 0.493359375 0.037477148080438755 0.421875
17 0.9584095063985375 0.3203125 0.02102376599634369 0.0765625
4 0.9579524680073126 0.39375 0.018281535648994516 0.06171875
12 0.9616087751371115 0.443359375 0.009140767824497258 0.03203125
11 0.9629798903107861 0.47734375 0.007312614259597806 0.025
1 0.826782449725777 0.497265625 0.22760511882998172 0.84921875
28 0.6960694698354661 0.628515625 0.015539305301645339 0.01328125
26 0.696983546617916 0.600390625 0.014625228519195612 0.0078125
29 0.696526508226691 0.657421875 0.012797074954296161 0.01171875
27 0.696983546617916 0.685546875 0.013711151736745886 0.0109375
16 0.6284277879341865 0.3984375 0.012797074954296161 0.0734375
5 0.696526508226691 0.555859375 0.013711151736745886 0.0109375
11 0.3117001828153565 0.522265625 0.02102376599634369 0.05546875