3 0.5416270566727605 0.010125 0.6589762340036563 0.0192890625
30 0.24598720292504572 0.0081953125 0.06431444241316271 0.014468749999999999
8 0.4096069469835466 0.030617187499999997 0.018053016453382083 0.009164062500000004
32 0.4922577696526508 0.1043984375 0.49366544789762357 0.03230468750000002
17 0.2897166361974406 0.10801562499999999 0.08970749542961608 0.01832031249999999
4 0.3757495429616088 0.1085 0.07222120658135282 0.0154296875
12 0.43386654478976233 0.105359375 0.03723948811700184 0.008195312500000006
11 0.4736745886654479 0.10446875 0.029680073126142622 0.005992187500000012
1 0.4968372943327239 0.22082031249999998 0.9936654478976231 0.19428125000000004
28 0.6504570383912249 0.3322890625 0.01536563071297984 0.013132812499999957
26 0.6174954296160877 0.33165625 0.008921389396709315 0.012710937499999986
29 0.6843967093235832 0.3318671875 0.013875685557586896 0.010585937499999965
27 0.7171115173674588 0.33165625 0.01288848263254105 0.01185937499999996
16 0.38110603290676415 0.390109375 0.08623400365630716 0.011015625000000018
5 0.5652102376599635 0.3318671875 0.012385740402193743 0.01143749999999999
11 0.5261334552102377 0.6610625 0.06455210237659974 0.017945312500000022