32 0.0370201096892139 0.506640625 0.037477148080438755 0.421875
17 0.041590493601462525 0.6796875 0.02102376599634369 0.0765625
4 0.04204753199268738 0.60625 0.018281535648994516 0.06171875
12 0.038391224862888484 0.556640625 0.009140767824497258 0.03203125
11 0.0370201096892139 0.52265625 0.007312614259597806 0.025
1 0.17321755027422303 0.502734375 0.22760511882998172 0.84921875
28 0.3039305301645338 0.371484375 0.015539305301645339 0.01328125
26 0.3030164533820841 0.399609375 0.014625228519195612 0.0078125
29 0.30347349177330896 0.342578125 0.012797074954296161 0.01171875
27 0.3030164533820841 0.314453125 0.013711151736745886 0.0109375
16 0.37157221206581353 0.6015625 0.012797074954296161 0.0734375
5 0.30347349177330896 0.444140625 0.013711151736745886 0.0109375
11 0.6882998171846435 0.477734375 0.02102376599634369 0.05546875