28 0.3666636197440585 0.47828125000000005 0.013080438756855526 0.011179687499999957
28 0.36619744058500914 0.32458593750000003 0.013080438756855526 0.011179687499999957
0 0.5095886654478976 0.5766875 0.5548994515539305 0.031539062499999916
22 0.49604204753199266 0.7607187499999999 0.5773126142595979 0.27984374999999984
21 0.24265082266910418 0.699640625 0.03783363802559414 0.00838281249999966
23 0.2608683729433272 0.7184062499999999 0.07333638025594151 0.007585937500000028
33 0.26787020109689214 0.7549296875 0.08640767824497256 0.0079843750000002
20 0.2802468007312614 0.7643125000000002 0.11117001828153565 0.0091796875
26 0.2357495429616088 0.7889687500000001 0.0072577696526508724 0.006875000000000142
28 0.28944241316270564 0.789078125 0.006745886654478972 0.006203124999999687
29 0.3359963436928702 0.7893046874999999 0.00752285191956126 0.005765625000000085
25 0.21784277879341865 0.9786328125000001 0.03237659963436925 0.028820312500000257
30 0.3031627056672761 0.9787812500000002 0.10858318098720289 0.021617187500000058