28 0.5255941499085923 0.3859375 0.012797074954296161 0.0109375
28 0.7052102376599635 0.385546875 0.012797074954296161 0.0109375
0 0.41042047531992687 0.508203125 0.03656307129798903 0.47421875
22 0.19515539305301646 0.496484375 0.3272394881170018 0.49375
21 0.2664533820840951 0.280078125 0.010054844606946984 0.03203125
23 0.24451553930530165 0.295703125 0.009140767824497258 0.0625
33 0.20155393053016454 0.3015625 0.009140767824497258 0.07421875
20 0.1905850091407678 0.312109375 0.010968921389396709 0.0953125
26 0.16179159049360145 0.27421875 0.008226691042047532 0.00625
28 0.16179159049360145 0.319921875 0.007312614259597806 0.00546875
29 0.1613345521023766 0.359765625 0.006398537477148081 0.00625