0 0.4999096385542169 0.674578125 0.4531224899598394 0.06936718749999997
22 0.498925702811245 0.8387968749999999 0.630421686746988 0.21461718750000003
31 0.45215863453815264 0.9177578125 0.04967871485943777 0.007859375000000312
17 0.3970080321285141 0.9177578125 0.05052208835341371 0.007859375000000312
26 0.22460843373493977 0.8620625000000001 0.015582329317269057 0.011796875000000285
29 0.22545180722891567 0.8808984375000002 0.01473895582329318 0.011468750000000227
28 0.5068975903614458 0.8622265625000001 0.014317269076305211 0.011468750000000227
29 0.5064759036144578 0.8807343750000001 0.015160642570281147 0.011796875000000285
34 0.35070281124497993 0.91759375 0.031154618473895553 0.007531250000000256
25 0.20292168674698796 0.97934375 0.030311244979919678 0.0242421874999998
30 0.29954819277108435 0.9800000000000001 0.09304216867469875 0.017031250000000143
33 0.2776907630522088 0.817578125 0.11960843373493975 0.007117187499999744
19 0.25255020080321283 0.807796875 0.07085341365461846 0.007117187499999744
21 0.2350301204819277 0.7723749999999999 0.03656626506024098 0.006226562500000199
23 0.25197791164658634 0.7811171874999999 0.07123493975903614 0.006523437500000284