0 0.5 0.325390625 0.4528112449799197 0.06953125
22 0.501004016064257 0.161328125 0.6305220883534136 0.21484375
31 0.5476907630522089 0.082421875 0.04919678714859438 0.0078125
17 0.6029116465863453 0.082421875 0.050200803212851405 0.0078125
26 0.7756024096385542 0.137890625 0.01606425702811245 0.01171875
29 0.7745983935742972 0.119140625 0.015060240963855422 0.01171875
28 0.4929718875502008 0.137890625 0.014056224899598393 0.01171875
29 0.4934738955823293 0.119140625 0.015060240963855422 0.01171875
34 0.6490963855421686 0.082421875 0.03112449799196787 0.0078125
25 0.7971887550200804 0.020703125 0.030120481927710843 0.02421875
30 0.7003012048192772 0.019921875 0.09337349397590361 0.0171875
33 0.7223895582329317 0.182421875 0.11947791164658635 0.00703125
19 0.7474899598393574 0.1921875 0.071285140562249 0.00703125
21 0.7650602409638554 0.227734375 0.03614457831325301 0.00625
23 0.7479919678714859 0.21875 0.071285140562249 0.00625