3 0.5081124497991968 0.010499999999999999 0.6461345381526103 0.020328125
30 0.22336345381526104 0.00965625 0.07401606425702809 0.011859375
9 0.7904618473895582 0.029640624999999997 0.046586345381526194 0.007117187499999999
5 0.7086044176706827 0.048109374999999996 0.2137751004016065 0.01829687499999999
5 0.8002610441767067 0.0484453125 0.010451807228915744 0.006773437500000002
32 0.49221887550200805 0.07029687500000001 0.6021586345381527 0.02337499999999999
8 0.20441767068273092 0.07182812499999999 0.023945783132530145 0.007453124999999994
17 0.2982429718875502 0.0730078125 0.09056224899598399 0.014570312500000005
4 0.4031827309236948 0.072671875 0.0923092369477911 0.013890625
12 0.48481927710843375 0.07284375 0.04310240963855417 0.008812500000000001
11 0.5840863453815262 0.0721640625 0.034397590361445775 0.008812500000000001
10 0.697289156626506 0.0725 0.050943775100401614 0.008132812499999998
1 0.5 0.1812734375 1 0.1969375
2 0.989578313253012 0.1833515625 0.020843373493975893 0.059015624999999974
11 0.28572289156626507 0.382265625 0.07466867469879518 0.014679687499999972