3 0.4919678714859438 0.989453125 0.6465863453815262 0.0203125
30 0.7766064257028112 0.990234375 0.07429718875502007 0.01171875
9 0.20933734939759036 0.9703125 0.04618473895582329 0.00703125
5 0.29116465863453816 0.951953125 0.21385542168674698 0.01796875
5 0.19979919678714858 0.9515625 0.010040160642570281 0.00703125
32 0.5080321285140562 0.9296875 0.6024096385542169 0.0234375
8 0.7956827309236948 0.928125 0.024096385542168676 0.0078125
17 0.7018072289156626 0.926953125 0.09036144578313253 0.01484375
4 0.5968875502008032 0.92734375 0.09236947791164658 0.0140625
12 0.5150602409638554 0.92734375 0.04317269076305221 0.00859375
11 0.41566265060240964 0.927734375 0.03413654618473896 0.00859375
10 0.30271084337349397 0.92734375 0.05120481927710843 0.0078125
1 0.5 0.81875 1 0.196875
2 0.010542168674698794 0.816796875 0.02108433734939759 0.059375
11 0.7143574297188755 0.617578125 0.07429718875502007 0.01484375