0 0.5002684101858225 0.5258984375000001 0.4560082587749485 0.10255468749999999
22 0.5001651754989677 0.7651875 0.6298348245010325 0.31275781249999995
34 0.3510461114934618 0.87978125 0.03211286992429454 0.010632812499999745
17 0.39743289745354443 0.8795312500000001 0.051741225051617386 0.010125000000000028
31 0.45207157604955267 0.8805390625000001 0.048616655196145976 0.011140625000000171
25 0.20317962835512735 0.9704140625000001 0.030777701307639387 0.03392187500000006
30 0.29929800412938745 0.9706718750000001 0.09188575361321404 0.02328906250000031
26 0.22540261527873365 0.7989140625000001 0.015065381968341353 0.017101562500000257
29 0.22554714384033037 0.8262812499999999 0.014163799036476285 0.01778906250000034
28 0.506696490020647 0.7989140625000001 0.014163799036476205 0.016421875000000342
27 0.506696490020647 0.8257656250000001 0.014163799036476205 0.016757812499999858
33 0.27722642807983483 0.7332421875000001 0.1193324156916724 0.00957812500000017
19 0.2525189263592567 0.7202421874999999 0.06991052993805921 0.008890625000000086
23 0.2525189263592567 0.6809062499999999 0.06991052993805921 0.008890625000000086
21 0.2350447350309704 0.6677343749999999 0.0355609084652443 0.009234374999999772