3 0.5143427391603579 0.014945312500000002 0.6619408121128699 0.0287734375
30 0.22288368891947696 0.014101562500000001 0.07304886441844459 0.0180546875
9 0.7901514108740536 0.04315625 0.04571920165175488 0.009593750000000002
5 0.7084033035099793 0.069953125 0.2121954576737785 0.025953125
5 0.8001376462491396 0.06996875 0.009077770130763975 0.009765625
32 0.49312456985547143 0.101703125 0.6001651754989676 0.034171875000000004
8 0.205230557467309 0.1052265625 0.022456985547143836 0.009765625
17 0.29865106675843084 0.1055 0.08887818306951134 0.023320312500000016
4 0.4035306262904336 0.1052265625 0.09030970406056436 0.021695312499999987
12 0.48404679972470754 0.10577343749999998 0.04205092911218163 0.01301562500000002
11 0.5834411562284928 0.1055 0.03249139710942879 0.011390624999999988
10 0.697164487267722 0.10496093749999999 0.050653819683413565 0.01247656250000002
11 0.29602202339986233 0.14835156249999998 0.032016517549896754 0.011390624999999988
11 0.2852718513420509 0.1808984375 0.07358568479008944 0.0200703125
2 0.9898898830006881 0.2667890625 0.02022023399862361 0.08869531249999998