0 0.49965588437715075 0.52578125 0.45629731589814176 0.10234375
22 0.5 0.765234375 0.6297315898141775 0.3125
34 0.6490020646937371 0.8796875 0.03234686854783207 0.0109375
17 0.6025464556090847 0.8796875 0.051617343427391604 0.01015625
31 0.5478320715760495 0.88046875 0.048864418444597386 0.0109375
25 0.7969717825189263 0.9703125 0.030970406056434963 0.03359375
30 0.7006194081211287 0.970703125 0.09222298692360634 0.0234375
26 0.7746042670337233 0.798828125 0.015141087405368204 0.0171875
29 0.7746042670337233 0.826171875 0.014452856159669649 0.01796875
28 0.49346180316586374 0.798828125 0.014452856159669649 0.01640625
27 0.49346180316586374 0.82578125 0.014452856159669649 0.01640625
33 0.7226428079834825 0.733203125 0.11906400550584996 0.009375
19 0.7474191328286304 0.7203125 0.07019958706125258 0.00859375
23 0.7474191328286304 0.680859375 0.07019958706125258 0.00859375
21 0.7649690295939435 0.667578125 0.035788024776324846 0.009375