3 0.4855471438403304 0.98515625 0.6620784583620096 0.02890625
30 0.7770130763936682 0.9859375 0.0729525120440468 0.01796875
9 0.2099105299380592 0.95703125 0.04542326221610461 0.009375
5 0.2914659325533379 0.930078125 0.21197522367515484 0.02578125
5 0.19993117687543013 0.930078125 0.008947006194081212 0.009375
32 0.5068823124569856 0.8984375 0.6001376462491397 0.034375
8 0.7949070887818307 0.894921875 0.022711631108052306 0.009375
17 0.7013076393668273 0.89453125 0.08878183069511356 0.0234375
4 0.5963523743977976 0.894921875 0.09015829318651067 0.021875
12 0.5158293186510667 0.894140625 0.04198210598761184 0.01328125
11 0.41672401927047487 0.89453125 0.03234686854783207 0.01171875
10 0.30282174810736406 0.894921875 0.05092911218169305 0.0125
11 0.7040605643496215 0.8515625 0.03234686854783207 0.01171875
11 0.7147281486579491 0.819140625 0.07364074328974536 0.0203125
2 0.009979353062629044 0.733203125 0.01995870612525809 0.0890625