3 0.07857142857142857 0.5046875 0.025170068027210883 0.76796875
30 0.07653061224489796 0.1578125 0.0163265306122449 0.071875
7 0.0772108843537415 0.88046875 0.014965986394557823 0.01484375
5 0.10952380952380952 0.7953125 0.023809523809523808 0.1828125
32 0.1445578231292517 0.5 0.031292517006802724 0.5328125
17 0.14523809523809525 0.374609375 0.0163265306122449 0.2015625
8 0.14523809523809525 0.251953125 0.009523809523809525 0.025
4 0.14489795918367346 0.534375 0.012244897959183673 0.10390625
12 0.14523809523809525 0.61171875 0.013605442176870748 0.03828125
1 0.24081632653061225 0.5 0.1619047619047619 1
11 0.5710884353741497 0.164453125 0.02312925170068027 0.10390625