3 0.5039591836734695 0.0158359375 0.6688775510204081 0.0290390625
30 0.20198639455782313 0.013859374999999998 0.06263265306122452 0.018476562499999998
7 0.8312108843537416 0.014515624999999999 0.01321768707482982 0.01715625
5 0.7570884353741497 0.0514765625 0.15917687074829917 0.027718749999999993
32 0.5001224489795918 0.0918125 0.46385034013605436 0.0357890625
17 0.3908027210884354 0.0926953125 0.17573469387755097 0.018773437500000024
8 0.28403401360544217 0.0926953125 0.021455782312925144 0.010562500000000008
4 0.5300068027210885 0.09210937500000001 0.09042176870748304 0.014078125000000007
12 0.5974421768707483 0.0923984375 0.033204081632653024 0.01584375
1 0.5 0.20290625 1 0.185640625
2 0.9873061224489795 0.2122578125 0.02538775510204093 0.10982812500000003
11 0.2079727891156463 0.5817421875 0.09060544217687079 0.02680468749999996