3 0.5040816326530613 0.016015625 0.6687074829931973 0.02890625
30 0.20204081632653062 0.013671875 0.06258503401360545 0.01875
7 0.8312925170068027 0.014453125 0.01292517006802721 0.0171875
5 0.7571428571428571 0.0515625 0.15918367346938775 0.02734375
32 0.5 0.091796875 0.4639455782312925 0.0359375
17 0.39081632653061227 0.092578125 0.17551020408163265 0.01875
8 0.28401360544217685 0.092578125 0.021768707482993196 0.0109375
4 0.5299319727891156 0.0921875 0.09047619047619047 0.0140625
12 0.5972789115646259 0.092578125 0.03333333333333333 0.015625
1 0.5 0.202734375 1 0.1859375
2 0.9874149659863946 0.212109375 0.025170068027210883 0.11015625
11 0.20782312925170068 0.581640625 0.09047619047619047 0.0265625