10 0.21326530612244898 0.453515625 0.09183673469387756 0.015625
10 0.38299319727891157 0.45390625 0.08979591836734693 0.0171875
10 0.5523809523809524 0.453125 0.09183673469387756 0.01484375
10 0.7210884353741497 0.45390625 0.09047619047619047 0.01796875
22 0.5054421768707483 0.7546875 0.9047619047619048 0.34453125
31 0.16938775510204082 0.87890625 0.06054421768707483 0.0125
34 0.11564625850340136 0.878125 0.03877551020408163 0.0140625
21 0.12108843537414966 0.695703125 0.05170068027210884 0.0125
23 0.1445578231292517 0.733203125 0.09795918367346938 0.01328125
20 0.14625850340136054 0.771484375 0.10068027210884353 0.0125
33 0.17993197278911566 0.78515625 0.16598639455782313 0.01171875
26 0.10510204081632653 0.8375 0.01292517006802721 0.0140625
28 0.20374149659863947 0.83671875 0.013605442176870748 0.01484375
27 0.3261904761904762 0.83671875 0.01292517006802721 0.01484375
25 0.06904761904761905 0.97109375 0.029931972789115645 0.034375
30 0.12448979591836734 0.973046875 0.05986394557823129 0.01953125