10 0.4595238095238095 0.170703125 0.013605442176870748 0.10546875
10 0.4598639455782313 0.365625 0.014965986394557823 0.103125
10 0.45918367346938777 0.56015625 0.01292517006802721 0.10546875
10 0.4598639455782313 0.75390625 0.015646258503401362 0.10390625
22 0.7214285714285714 0.5 0.3 1
31 0.8299319727891157 0.1203125 0.010884353741496598 0.06953125
34 0.8292517006802721 0.05859375 0.012244897959183673 0.04453125
21 0.6704081632653062 0.06484375 0.010884353741496598 0.059375
23 0.7030612244897959 0.091796875 0.011564625850340135 0.1125
20 0.7363945578231292 0.09375 0.010884353741496598 0.115625
33 0.7482993197278912 0.132421875 0.01020408163265306 0.190625
26 0.7938775510204081 0.046484375 0.012244897959183673 0.01484375
28 0.7931972789115647 0.159765625 0.01292517006802721 0.015625
27 0.7931972789115647 0.300390625 0.01292517006802721 0.01484375
25 0.9102040816326531 0.0109375 0.029931972789115645 0.021875
30 0.9119047619047619 0.06875 0.017006802721088437 0.06875