10 0.21326530612244898 0.4533984374999999 0.09213605442176874 0.015414062500000015
10 0.3828979591836735 0.45375 0.08970068027210877 0.017515625000000055
10 0.5522244897959183 0.45304687500000007 0.09153061224489793 0.014718750000000114
10 0.7212517006802721 0.4541015625 0.09030612244897959 0.018218750000000127
22 0.5055442176870747 0.7547265625000001 0.9049183673469388 0.34478124999999976
31 0.1693265306122449 0.8787656250000001 0.06040816326530613 0.012617187499999715
34 0.11563265306122449 0.8780625000000001 0.038442176870748294 0.014015624999999688
21 0.12112244897959185 0.6958671875 0.0518639455782313 0.012617187499999715
23 0.14461904761904762 0.7333593749999998 0.09763265306122451 0.013312499999999972
20 0.14614285714285716 0.771546875 0.10068027210884353 0.012617187499999715
33 0.18000680272108843 0.7852109375000002 0.16597278911564628 0.0119140625
26 0.10503401360544218 0.837390625 0.012877551020408167 0.014007812500000227
28 0.20363265306122447 0.8366093750000001 0.013551020408163238 0.014789062500000227
27 0.3262857142857143 0.8366093750000001 0.01287755102040813 0.014789062500000227
25 0.06893197278911564 0.9712109375000001 0.029870748299319724 0.03430468749999989
30 0.12446258503401361 0.9729765624999999 0.05974149659863945 0.019351562500000342