3 0.5197019230769231 0.0110546875 0.6726057692307692 0.020578125
30 0.22209615384615383 0.00953125 0.07457692307692308 0.013718749999999997
9 0.7908076923076923 0.030867187499999997 0.04784615384615384 0.007625000000000004
32 0.4906153846153846 0.07240625 0.6022500000000002 0.023625000000000007
8 0.20497115384615383 0.075265625 0.024394230769230772 0.007242187500000008
17 0.29830769230769233 0.07583593749999999 0.08818269230769234 0.015242187499999994
4 0.4031442307692307 0.0756484375 0.08958653846153843 0.014859375000000008
12 0.48428846153846156 0.075265625 0.04174038461538458 0.008765624999999999
11 0.5830192307692308 0.075265625 0.03189423076923084 0.009531249999999991
10 0.698173076923077 0.07640625 0.05018269230769236 0.008765624999999999
5 0.7089615384615385 0.050492187499999994 0.21248076923076925 0.018671875000000004
5 0.8008846153846153 0.050687499999999996 0.009846153846153855 0.008382812499999993
1 0.5 0.188859375 1 0.2065546875
2 0.9894807692307692 0.19114843750000002 0.021038461538461645 0.06310156249999999
16 0.3734807692307692 0.780296875 0.04730769230769235 0.017875000000000085