12 0.45384615384615384 0.423828125 0.041346153846153845 0.0078125
12 0.7120192307692308 0.532421875 0.04230769230769231 0.0078125
0 0.5004807692307692 0.329296875 0.45384615384615384 0.0734375
22 0.5 0.1625 0.6298076923076923 0.2125
26 0.7740384615384616 0.133203125 0.015384615384615385 0.0125
29 0.49278846153846156 0.133203125 0.014423076923076924 0.01171875
31 0.5475961538461539 0.0859375 0.04807692307692308 0.0078125
17 0.6028846153846154 0.0859375 0.04903846153846154 0.00703125
34 0.6485576923076923 0.08515625 0.03076923076923077 0.0078125
21 0.7649038461538461 0.2265625 0.0375 0.00703125
23 0.7485576923076923 0.2171875 0.07115384615384615 0.00703125
19 0.7475961538461539 0.18984375 0.07019230769230769 0.00703125
33 0.7235576923076923 0.180078125 0.11923076923076924 0.00703125
25 0.7966346153846153 0.02109375 0.03076923076923077 0.025
30 0.7014423076923076 0.020703125 0.09134615384615384 0.01796875