12 0.5461923076923076 0.576234375 0.041807692307692323 0.008046875000000142
12 0.28794230769230766 0.46741406249999995 0.04235576923076919 0.007593749999999844
0 0.4997115384615385 0.6705312500000001 0.4537788461538462 0.07328906250000031
22 0.4999134615384615 0.83746875 0.6294807692307693 0.2122578124999997
26 0.226125 0.8668437499999999 0.015048076923076902 0.012226562499999715
29 0.5070192307692307 0.8666796874999999 0.014211538461538435 0.011882812500000029
31 0.4522596153846154 0.9140546874999999 0.04849038461538457 0.007468750000000313
17 0.39708653846153846 0.9142187499999999 0.04931730769230766 0.007132812500000085
34 0.3515288461538461 0.9147343750000001 0.03093269230769227 0.008148437500000227
21 0.23532692307692307 0.7732812500000001 0.03761538461538462 0.007132812500000085
23 0.251625 0.7826250000000001 0.07105769230769228 0.006789062499999688
19 0.25225 0.8103046875000001 0.07063461538461542 0.007132812500000085
33 0.2765 0.8198125 0.11912499999999998 0.007132812500000085
25 0.20314423076923077 0.9790859375000001 0.030932692307692324 0.02478906249999966
30 0.29865384615384616 0.9794296875 0.09153846153846158 0.01799999999999997