3 0.48028846153846155 0.9890625 0.6730769230769231 0.0203125
30 0.7778846153846154 0.990625 0.075 0.0140625
9 0.2091346153846154 0.969140625 0.04807692307692308 0.0078125
32 0.5096153846153846 0.927734375 0.6019230769230769 0.0234375
8 0.7951923076923076 0.924609375 0.02403846153846154 0.00703125
17 0.7019230769230769 0.92421875 0.08846153846153847 0.015625
4 0.5966346153846154 0.92421875 0.08942307692307692 0.01484375
12 0.5158653846153847 0.924609375 0.041346153846153845 0.00859375
11 0.4168269230769231 0.924609375 0.03173076923076923 0.009375
10 0.3019230769230769 0.9234375 0.05 0.00859375
5 0.29086538461538464 0.949609375 0.2125 0.01875
5 0.19903846153846153 0.94921875 0.009615384615384616 0.00859375
1 0.5 0.811328125 1 0.20625
2 0.010576923076923078 0.808984375 0.021153846153846155 0.06328125
16 0.6264423076923077 0.21953125 0.047115384615384615 0.01796875