3 0.19661458333333334 0.5 0.0265625 1
30 0.19583333333333333 0.9374485596707819 0.017708333333333333 0.11851851851851852
9 0.22057291666666667 0.04156378600823045 0.009375 0.07407407407407407
32 0.27369791666666665 0.516872427983539 0.03125 0.9555555555555556
8 0.2760416666666667 0.9654320987654321 0.008333333333333333 0.0345679012345679
17 0.27578125 0.8185185185185185 0.019270833333333334 0.145679012345679
4 0.27630208333333334 0.6522633744855967 0.019270833333333334 0.1440329218106996
12 0.27682291666666664 0.5242798353909465 0.009895833333333333 0.07078189300411522
11 0.2765625 0.36790123456790125 0.010416666666666666 0.050205761316872426
10 0.27578125 0.18641975308641975 0.0109375 0.08065843621399177
10 0.31302083333333336 0.805761316872428 0.010416666666666666 0.0831275720164609
10 0.34375 0.7983539094650206 0.017708333333333333 0.19506172839506172
10 0.31354166666666666 0.8798353909465021 0.009895833333333333 0.03539094650205761
5 0.403125 0.49958847736625517 0.023958333333333335 0.7975308641975308
5 0.40286458333333336 0.13292181069958847 0.01875 0.027160493827160494
5 0.2453125 0.1699588477366255 0.021354166666666667 0.3358024691358025
5 0.24505208333333334 0.02633744855967078 0.016666666666666666 0.027160493827160494