3 0.5147604166666667 0.020872427983539093 0.6636510416666667 0.0417366255144033
30 0.223109375 0.019407407407407404 0.07506770833333333 0.027967078189300405
9 0.7901145833333333 0.058526748971193414 0.0466458333333333 0.01452674897119342
32 0.48928125 0.1425267489711934 0.604921875 0.04967078189300413
8 0.20554166666666665 0.14614814814814814 0.02179687500000001 0.013399176954732488
17 0.29852604166666663 0.14558024691358024 0.09197916666666663 0.03037860082304524
4 0.4035625 0.146320987654321 0.09133854166666673 0.030213991769547307
12 0.48471354166666664 0.1474732510288066 0.045020833333333364 0.016032921810699603
11 0.5834895833333333 0.14673251028806583 0.031864583333333245 0.016197530864197538
10 0.6985364583333333 0.14557201646090534 0.0512447916666666 0.01719341563786007
10 0.3065104166666667 0.20458436213991768 0.05265624999999995 0.01652674897119345
10 0.31114583333333334 0.2530534979423868 0.12347916666666663 0.02775308641975311
10 0.2595208333333333 0.20515226337448558 0.022312499999999957 0.01534156378600822
5 0.5001875000000001 0.34700411522633745 0.5046875 0.03762139917695476
5 0.7321770833333333 0.3463456790123457 0.017343750000000095 0.02970370370370373
2 0.9899635416666667 0.372238683127572 0.02007291666666665 0.12275720164609061
5 0.708890625 0.09744855967078189 0.21262500000000012 0.03412345679012344
5 0.7996822916666667 0.09718518518518518 0.017223958333333417 0.02632098765432098