0 0.5911458333333334 0.49958847736625517 0.090625 0.720164609053498
22 0.3841145833333333 0.5004115226337449 0.2604166666666667 0.9958847736625515
21 0.4625 0.9185185185185185 0.008333333333333333 0.05432098765432099
23 0.4510416666666667 0.8909465020576132 0.0078125 0.10864197530864197
19 0.41640625 0.8901234567901235 0.008854166666666666 0.1094650205761317
33 0.40520833333333334 0.8522633744855967 0.008854166666666666 0.1868312757201646
26 0.34765625 0.934156378600823 0.015104166666666667 0.023045267489711935
29 0.34713541666666664 0.48930041152263376 0.015625 0.023045267489711935
31 0.28958333333333336 0.5757201646090535 0.010416666666666666 0.07901234567901234
17 0.28984375 0.6617283950617284 0.009895833333333333 0.07983539094650206
34 0.28958333333333336 0.7345679012345679 0.008333333333333333 0.04691358024691358
34 0.20989583333333334 0.968724279835391 0.03125 0.050205761316872426
30 0.21015625 0.8181069958847736 0.021354166666666667 0.1440329218106996