0 0.5001354166666666 0.355835390946502 0.4555572916666667 0.14316049382716053
22 0.49968229166666667 0.683135802469136 0.6303020833333334 0.4116543209876542
21 0.23521875 0.5593168724279834 0.03447916666666669 0.013135802469135833
23 0.25256770833333336 0.5775144032921812 0.06864583333333336 0.012115226337448395
19 0.253 0.632008230452675 0.06950520833333336 0.013967078189300246
33 0.277078125 0.6497777777777778 0.11819270833333337 0.013802469135802454
26 0.22531770833333334 0.7408559670781892 0.014682291666666696 0.024189300411522903
29 0.5066666666666666 0.7414074074074074 0.014536458333333375 0.024444444444444293
31 0.45196875 0.8323539094650205 0.04989062499999998 0.016724279835390706
17 0.39754687499999997 0.8322139917695472 0.05027604166666665 0.015588477366254815
34 0.35146354166666666 0.832559670781893 0.029677083333333344 0.012872427983539363
34 0.20333854166666668 0.9584526748971193 0.03152604166666665 0.04953909465020543
30 0.29878645833333334 0.9581975308641976 0.09113020833333335 0.03372016460905371