3 0.5027214514407684 0.008171875 0.6102134471718249 0.01634375
30 0.2381323372465315 0.0069609375 0.07441835645677697 0.0115
5 0.6962006403415155 0.038734375 0.1876947705442904 0.0175546875
5 0.7786766275346851 0.0390390625 0.01529348986125926 0.012101562499999996
32 0.4963073639274279 0.0596171875 0.5874706510138741 0.021187500000000005
17 0.2720277481323372 0.060828125 0.12154749199573105 0.015132812500000004
4 0.4020490928495198 0.060375 0.10294557097118467 0.014226562500000007
12 0.49486659551760936 0.057648437500000003 0.04712913553895407 0.008773437499999991
1 0.4967235859124867 0.167359375 0.5882924226254003 0.11257812499999997
10 0.39522945570971185 0.27509375 0.05787620064034153 0.008476562500000017
16 0.6182710779082178 0.278421875 0.04754535752401276 0.013921875000000038
11 0.23171824973319105 0.3132265625 0.0500213447171825 0.010898437500000035