3 0.1422668240850059 0.5 0.04014167650531287 1
5 0.1729634002361275 0.878125 0.017119244391971666 0.02421875
26 0.17237308146399055 0.901953125 0.012987012987012988 0.01171875
29 0.17266824085005902 0.933203125 0.00885478158205431 0.01640625
28 0.1729634002361275 0.9671875 0.010625737898465172 0.01328125
27 0.17266824085005902 0.99609375 0.010035419126328217 0.0078125
32 0.20867768595041322 0.28359375 0.02538370720188902 0.5671875
17 0.21133412042502953 0.0484375 0.010035419126328217 0.065625
12 0.21103896103896103 0.111328125 0.009445100354191263 0.04296875
4 0.21133412042502953 0.1921875 0.011216056670602124 0.0984375
15 0.21103896103896103 0.548046875 0.010035419126328217 0.03359375
1 0.3344155844155844 0.5 0.21310507674144039 1
17 0.4819952774498229 0.095703125 0.03778040141676505 0.0765625
29 0.6455135773317592 0.765234375 0.025974025974025976 0.04765625
11 0.53099173553719 0.2359375 0.01357733175914994 0.05703125