3 0.500383707201889 0.02678125 0.9939787485242031 0.053132812499999994
30 0.044728453364817004 0.024320312499999996 0.0778099173553719 0.028929687500000002
2 0.9902597402597403 0.06171875 0.01948051948051948 0.0203125
5 0.785814639905549 0.06734375000000001 0.018146399055489836 0.02232812500000001
26 0.8036717827626919 0.06640625 0.009002361275088548 0.0171640625
29 0.8274675324675325 0.066953125 0.012573789846517226 0.011664062500000006
28 0.8528866587957497 0.0670625 0.010242030696576098 0.014085937500000001
27 0.8779279811097993 0.066625 0.01132231404958668 0.013203125000000005
32 0.31930932703659975 0.11440625 0.46294569067296343 0.03363281250000001
17 0.15871310507674144 0.1178203125 0.04940377804014171 0.013406250000000019
12 0.20632821723730813 0.11744531250000001 0.032550177095631634 0.012664062499999984
4 0.26744391971664705 0.1179453125 0.07440968122786303 0.014593750000000006
15 0.5362987012987013 0.117484375 0.025596221959858265 0.013289062499999994
1 0.5004486422668241 0.2813984375 0.9991027154663519 0.28215625
17 0.19458677685950412 0.47635937500000003 0.05782762691853603 0.05003906249999997
29 0.7004427390791027 0.692453125 0.03613341204250297 0.03461718749999996
11 0.3004545454545455 0.54115625 0.04289846517119249 0.018187499999999978