0 0.49892583120204603 0.44508593750000003 0.8772719522591645 0.056656249999999984
22 0.5002472293265132 0.7873437500000001 0.6913725490196079 0.3096015625
27 0.19507246376811593 0.8132265624999999 0.010349531116794533 0.009718749999999688
28 0.3106393861892583 0.8132265624999999 0.010332480818414326 0.009718749999999688
26 0.3983120204603581 0.8135000000000001 0.01031543052003412 0.008437500000000143
29 0.4851321398124467 0.8127265625 0.009607843137254886 0.007796874999999659
31 0.380076726342711 0.911796875 0.05554987212276212 0.01055468750000017
25 0.16837169650468883 0.9769453124999998 0.02469735720375109 0.024898437499999915
34 0.2606223358908781 0.9112421874999999 0.16137254901960782 0.013093750000000171
20 0.22585677749360614 0.7483046874999999 0.08984654731457799 0.009523437499999687
19 0.22326513213981244 0.7608671874999999 0.0886445012787724 0.0099843749999998
20 0.25484228473998294 0.7752500000000001 0.14981244671781757 0.010445312499999915
33 0.23317988064791131 0.7885312500000001 0.10548167092924128 0.012367187499999942