0 0.5601023017902813 0.498828125 0.06223358908780904 0.80390625
22 0.18627450980392157 0.500390625 0.3375959079283887 0.63359375
27 0.15814151747655583 0.220703125 0.010230179028132993 0.009375
28 0.15814151747655583 0.3265625 0.010230179028132993 0.009375
26 0.1577152600170503 0.406640625 0.00937766410912191 0.009375
29 0.1585677749360614 0.486328125 0.008525149190110827 0.00859375
31 0.050724637681159424 0.390234375 0.011935208866155157 0.05078125
34 0.05115089514066496 0.28046875 0.014492753623188406 0.14765625
20 0.2289002557544757 0.248828125 0.010230179028132993 0.08203125
19 0.21526001705029837 0.246484375 0.011082693947144074 0.08125
20 0.19948849104859334 0.275390625 0.011082693947144074 0.1375
33 0.18499573742540495 0.25546875 0.013640238704177323 0.096875