16 0.7924126172208014 0.005078125 0.06734867860187553 0.01015625
12 0.8520630861040068 0.004640625000000001 0.04445012787723774 0.009281250000000001
5 0.8050724637681158 0.038171875 0.23955669224211423 0.021343749999999995
15 0.6845694799658995 0.07860937500000001 0.05584825234441602 0.010312499999999992
12 0.5549104859335038 0.07953125 0.033367433930093865 0.009070312499999988
17 0.427536231884058 0.0792890625 0.05289002557544754 0.009687500000000005
8 0.2986018755328218 0.0788203125 0.024381926683716984 0.010054687500000003
1 0.5 0.263203125 1 0.29075000000000006
32 0.4993094629156011 0.0779921875 0.4319693094629156 0.03551562500000001
11 0.22423699914748504 0.8318515625 0.03667519181585676 0.008445312499999958
10 0.33242966751918157 0.9002890625 0.04580562659846549 0.011234375000000085