0 0.5013020833333334 0.349025974025974 0.45625 0.1444805194805195
22 0.50078125 0.6789772727272727 0.63125 0.4301948051948052
21 0.76484375 0.5458603896103896 0.034895833333333334 0.013798701298701298
23 0.74765625 0.5629058441558441 0.06875 0.011363636363636364
19 0.7473958333333334 0.6168831168831169 0.06875 0.012175324675324676
33 0.7234375 0.6339285714285714 0.11875 0.01461038961038961
26 0.7744791666666667 0.7244318181818182 0.015104166666666667 0.02353896103896104
29 0.77421875 0.7625811688311688 0.0140625 0.02353896103896104
28 0.49322916666666666 0.7252435064935064 0.014583333333333334 0.024350649350649352
27 0.49322916666666666 0.7621753246753247 0.0140625 0.02353896103896104
31 0.5479166666666667 0.8364448051948052 0.0484375 0.01461038961038961
17 0.6028645833333334 0.836038961038961 0.05 0.013798701298701298
34 0.6481770833333333 0.8364448051948052 0.030729166666666665 0.012987012987012988
25 0.7966145833333333 0.9598214285714286 0.030729166666666665 0.048701298701298704
30 0.7010416666666667 0.9590097402597403 0.09270833333333334 0.0349025974025974