3 0.4703125 0.020698051948051948 0.6921875 0.041396103896103896
30 0.7763020833333333 0.018668831168831168 0.075 0.028409090909090908
32 0.5072916666666667 0.14042207792207792 0.6036458333333333 0.05113636363636364
8 0.7950520833333333 0.1444805194805195 0.022916666666666665 0.010551948051948052
17 0.70234375 0.14488636363636365 0.0921875 0.030844155844155844
4 0.5963541666666666 0.1444805194805195 0.0921875 0.027597402597402596
12 0.5158854166666667 0.14407467532467533 0.043229166666666666 0.018668831168831168
11 0.41692708333333334 0.14488636363636365 0.03229166666666667 0.017045454545454544
10 0.3015625 0.14569805194805194 0.049479166666666664 0.017045454545454544
5 0.29140625 0.09618506493506493 0.21197916666666666 0.037337662337662336
5 0.19973958333333333 0.09577922077922078 0.009375 0.017045454545454544
5 0.49973958333333335 0.3429383116883117 0.50625 0.037337662337662336
5 0.2674479166666667 0.34375 0.009375 0.017045454545454544
10 0.68984375 0.24918831168831168 0.125 0.028409090909090908
10 0.6940104166666666 0.20251623376623376 0.051041666666666666 0.011363636363636364
2 0.010416666666666666 0.3656655844155844 0.020833333333333332 0.12094155844155845