0 0.4987395833333334 0.3488392857142857 0.456390625 0.1443100649350649
22 0.49915625 0.6789042207792206 0.6314947916666667 0.4298214285714285
21 0.23527083333333335 0.5458847402597402 0.034703124999999994 0.013433441558441707
23 0.2523385416666667 0.5628896103896104 0.06883854166666671 0.011436688311688429
19 0.2525 0.6168506493506494 0.06851562500000004 0.012353896103895942
33 0.27665625 0.6340584415584416 0.11875520833333333 0.014756493506493374
26 0.22552083333333334 0.724448051948052 0.01519791666666664 0.02353896103896104
29 0.22568229166666667 0.7626055194805197 0.01384895833333335 0.023254870129869834
28 0.5067239583333333 0.7250568181818182 0.014838541666666672 0.024756493506493508
27 0.5067552083333333 0.7620129870129871 0.014260416666666723 0.02366883116883105
31 0.45195833333333335 0.8363230519480519 0.048406250000000026 0.01426948051948046
17 0.39725520833333333 0.836168831168831 0.05001562499999999 0.013774350649350856
34 0.35169791666666667 0.8363717532467532 0.030770833333333296 0.0133685064935067
25 0.203328125 0.9597321428571427 0.030755208333333308 0.04905844155844123
30 0.29905729166666667 0.958961038961039 0.0927552083333333 0.034805194805194895