3 0.5295989583333333 0.02076298701298701 0.692296875 0.04151785714285715
30 0.22371875000000002 0.01882305194805195 0.07489583333333337 0.028506493506493504
32 0.49265624999999996 0.14051948051948052 0.6037395833333333 0.051055194805194784
8 0.20505208333333333 0.1444724025974026 0.022890625000000022 0.010787337662337679
17 0.2977239583333333 0.14491071428571428 0.09203645833333335 0.031006493506493496
4 0.40377083333333336 0.1443831168831169 0.09202083333333337 0.0278409090909091
12 0.4842135416666667 0.1440340909090909 0.04304687500000005 0.01870129870129872
11 0.58309375 0.145 0.03209374999999994 0.01676136363636362
10 0.6984479166666666 0.14570616883116883 0.049562499999999926 0.01676136363636362
5 0.7087083333333334 0.09611201298701298 0.21223958333333334 0.03715097402597401
5 0.8002083333333334 0.0956737012987013 0.009385416666666656 0.016923701298701316
5 0.500328125 0.3430762987012987 0.5062656249999999 0.03699675324675328
5 0.7325208333333334 0.34377435064935064 0.009395833333333315 0.017297077922077877
10 0.31019270833333334 0.2489935064935065 0.12486458333333333 0.02817370129870133
10 0.3060208333333333 0.20265422077922077 0.05108333333333329 0.011103896103896109
2 0.9895260416666667 0.36584415584415586 0.020947916666666563 0.12106331168831176