0 0.30632790028763185 0.499609375 0.08916586768935762 0.36953125
22 0.11505273250239693 0.499609375 0.23010546500479387 0.51328125
26 0.06423777564717162 0.276171875 0.014381591562799617 0.01171875
29 0.03978906999041227 0.276171875 0.016299137104506232 0.0125
28 0.06375838926174497 0.50546875 0.014381591562799617 0.0125
27 0.039309683604985615 0.50546875 0.015340364333652923 0.01171875
21 0.1788111217641419 0.284375 0.007670182166826462 0.02890625
23 0.1673058485139022 0.2984375 0.007670182166826462 0.05625
20 0.12128475551294343 0.300390625 0.00862895493767977 0.0609375
19 0.10977948226270375 0.2984375 0.007670182166826462 0.0578125
33 0.09827420901246404 0.318359375 0.007670182166826462 0.096875