3 0.5153403643336529 0.010546875 0.6625119846596357 0.02109375
30 0.2224352828379674 0.009375 0.0738255033557047 0.0125
9 0.7905081495685522 0.03125 0.04697986577181208 0.0078125
5 0.7099712368168744 0.050390625 0.21380632790028764 0.01875
5 0.8000958772770853 0.050390625 0.010546500479386385 0.009375
32 0.4913710450623202 0.073046875 0.6011505273250239 0.02421875
8 0.20469798657718122 0.075390625 0.02109300095877277 0.00703125
17 0.2996164908916587 0.07578125 0.08916586768935762 0.01484375
4 0.4031639501438159 0.074609375 0.08916586768935762 0.01484375
12 0.4841802492809204 0.076171875 0.04410354745925216 0.01015625
11 0.5834132310642378 0.075390625 0.032598274209012464 0.00859375
10 0.6975071907957814 0.075390625 0.05177372962607862 0.01015625
1 0.5 0.189453125 1 0.20703125
2 0.9894534995206136 0.19140625 0.02109300095877277 0.06171875
16 0.37535953978907 0.767578125 0.05465004793863854 0.01640625