3 0.5153403643336529 0.010703124999999999 0.6629626078619367 0.021406249999999998
30 0.22228187919463085 0.009515625 0.07393096836049858 0.012679687500000003
9 0.7906423777564717 0.031109375 0.04718120805369131 0.007531250000000001
5 0.7099041227229146 0.050335937500000004 0.21352828379674021 0.019023437499999997
5 0.7998849472674976 0.05053125000000001 0.010210930009587815 0.00911718749999999
32 0.4915052732502397 0.07292968749999999 0.6007094918504314 0.02457031249999999
8 0.2047746883988495 0.0755 0.021399808245445823 0.006734375000000003
17 0.2993767976989454 0.07570312500000001 0.08901246404602112 0.015062500000000001
4 0.4032214765100671 0.074515625 0.0895014381591563 0.015062500000000001
12 0.4839693192713327 0.07609375 0.04377756471716211 0.010304687499999998
11 0.5831927133269414 0.0753046875 0.03307766059443912 0.008718749999999997
10 0.6977372962607862 0.0755 0.05204218600191752 0.009906250000000005
1 0.5 0.18951562500000002 1 0.20707031250000002
2 0.9895110258868648 0.19144531250000002 0.020968360498561735 0.061867187499999955
16 0.37534995206136146 0.76765625 0.05484180249280925 0.016757812500000035