0 0.4993192713326941 0.6577421874999999 0.4536145733461169 0.07262500000000002
22 0.49982742090124643 0.8312890625000001 0.6303163950143814 0.2225859374999999
26 0.22525407478427611 0.8552734375 0.01466922339405562 0.011953125000000142
29 0.2251006711409396 0.8751093749999999 0.014956855225311623 0.012906250000000341
28 0.5065196548418025 0.855515625 0.015254074784276206 0.011953125000000142
27 0.5065196548418025 0.8752265625 0.014669223394055565 0.012187500000000285
31 0.4516778523489933 0.9135859375 0.04810162991371041 0.0071718750000002275
17 0.39712368168744006 0.9135859375 0.04927133269415147 0.0071718750000002275
34 0.3509300095877277 0.9134687499999998 0.031380632790028784 0.007406249999999659
21 0.2355129434324065 0.7617109374999999 0.0357813998082455 0.0064531250000001705
23 0.25267497603068073 0.7712656249999998 0.06951102588686481 0.0064531250000001705
20 0.2548705656759348 0.8085546874999998 0.07449664429530206 0.006929687499999915
19 0.25281879194630874 0.8181093749999999 0.07097794822627035 0.0064531250000001705
33 0.2768744007670182 0.8271953125 0.11907957813998087 0.0064531250000001705
25 0.20308724832214764 0.9789140625000001 0.030594439117929074 0.024398437499999658
30 0.2990987535953979 0.9794453125 0.09113135186960686 0.017499999999999717