0 0.49952061361457334 0.6578125 0.4534995206136146 0.07265625
22 0.5 0.83125 0.6299137104506232 0.22265625
26 0.2253116011505273 0.85546875 0.014381591562799617 0.01171875
29 0.2253116011505273 0.875 0.015340364333652923 0.01328125
28 0.5067114093959731 0.85546875 0.015340364333652923 0.01171875
27 0.5067114093959731 0.875390625 0.014381591562799617 0.0125
31 0.45158197507190795 0.913671875 0.04793863854266539 0.00703125
17 0.3969319271332694 0.913671875 0.0488974113135187 0.00703125
34 0.35091083413231067 0.91328125 0.031639501438159155 0.00703125
21 0.23537871524448706 0.76171875 0.03547459252157239 0.00625
23 0.2526366251198466 0.77109375 0.06999041227229147 0.00625
20 0.2550335570469799 0.80859375 0.07478427612655801 0.00703125
19 0.2526366251198466 0.81796875 0.07094918504314478 0.00625
33 0.27708533077660596 0.82734375 0.11888782358581017 0.00625
25 0.20325982742090123 0.97890625 0.030680728667305847 0.02421875
30 0.29913710450623204 0.979296875 0.09108341323106424 0.0171875