0 0.5009813333333334 0.3865 0.4535466666666666 0.12944531250000005
22 0.49968533333333326 0.6977499999999999 0.629424 0.40167187500000023
26 0.22525866666666666 0.7405781250000001 0.015594666666666672 0.021578124999999913
29 0.22504 0.7751640625 0.01516266666666664 0.02347656250000014
28 0.5064 0.7408984375 0.015594666666666672 0.02347656250000014
27 0.5066133333333334 0.7754843749999999 0.013429333333333368 0.02284374999999983
31 0.45311466666666667 0.8446484375000001 0.05111466666666662 0.013960937499999914
17 0.397232 0.8456015625 0.05025066666666668 0.013328125000000312
34 0.35153066666666666 0.8446484375000001 0.031621333333333314 0.012687499999999829
25 0.20294933333333331 0.9620390624999999 0.03249066666666665 0.04568749999999966
30 0.2991146666666667 0.9620390624999999 0.0914026666666666 0.03172656249999974