3 0.510576 0.0192734375 0.652816 0.0385390625
30 0.22281066666666666 0.0180625 0.07180266666666667 0.026500000000000003
9 0.7906666666666666 0.0546015625 0.04549333333333343 0.012843749999999998
5 0.7089973333333333 0.09032812500000001 0.21212266666666668 0.0345234375
5 0.799984 0.09113281250000001 0.011509333333333295 0.0152578125
32 0.492752 0.1313515625 0.5999680000000001 0.04442187500000001
8 0.204896 0.1354765625 0.021658666666666673 0.012054687500000005
17 0.29825066666666666 0.13484374999999998 0.09140266666666673 0.02855468750000001
4 0.40373333333333333 0.13579687499999998 0.09010133333333337 0.025382812500000008
12 0.48409066666666667 0.13674999999999998 0.04115200000000004 0.017132812500000004
11 0.5837226666666667 0.13579687499999998 0.0324906666666667 0.013960937500000003
10 0.6974346666666666 0.13515625 0.051114666666666746 0.013960937500000003
11 0.29586666666666667 0.191 0.03205333333333329 0.012687500000000008
11 0.286336 0.235734375 0.0745066666666667 0.02474999999999996
2 0.9888 0.343359375 0.0224 0.11484375
5 0.5009546666666667 0.32307031249999996 0.5041813333333334 0.03492968750000003
5 0.7321813333333332 0.32307031249999996 0.009936000000000058 0.014554687499999996