3 0.17173333333333332 0.515625 0.026133333333333335 0.95625
30 0.17093333333333333 0.094140625 0.018133333333333335 0.10546875
9 0.196 0.92578125 0.008533333333333334 0.06640625
5 0.22026666666666667 0.80625 0.023466666666666667 0.3109375
5 0.2208 0.939453125 0.010666666666666666 0.0171875
32 0.24826666666666666 0.489453125 0.0304 0.87890625
8 0.2512 0.067578125 0.008 0.03203125
17 0.25066666666666665 0.204296875 0.019733333333333332 0.13359375
4 0.25146666666666667 0.358984375 0.017066666666666667 0.13203125
12 0.252 0.4765625 0.011733333333333333 0.06015625
11 0.25146666666666667 0.62265625 0.0096 0.04765625
10 0.25093333333333334 0.7890625 0.0096 0.075
11 0.2890666666666667 0.20078125 0.008533333333333334 0.046875
11 0.3194666666666667 0.187109375 0.017066666666666667 0.109375
5 0.3792 0.5015625 0.024 0.73828125
5 0.3792 0.840234375 0.010133333333333333 0.01484375