3 0.48933333333333334 0.019140625 0.6528 0.03828125
30 0.7770666666666667 0.01796875 0.072 0.0265625
9 0.20933333333333334 0.0546875 0.04533333333333334 0.0125
5 0.2909333333333333 0.090234375 0.21226666666666666 0.034375
5 0.2 0.091015625 0.011733333333333333 0.015625
32 0.5072 0.13125 0.6 0.04453125
8 0.7952 0.135546875 0.021866666666666666 0.01171875
17 0.7018666666666666 0.134765625 0.0912 0.02890625
4 0.5962666666666666 0.1359375 0.09013333333333333 0.025
12 0.516 0.13671875 0.04106666666666667 0.0171875
11 0.4162666666666667 0.1359375 0.03253333333333333 0.0140625
10 0.30266666666666664 0.13515625 0.0512 0.0140625
11 0.704 0.191015625 0.032 0.0125
11 0.7136 0.235546875 0.07466666666666667 0.025
2 0.0112 0.343359375 0.0224 0.11484375
5 0.49893333333333334 0.323046875 0.504 0.03515625
5 0.2677333333333333 0.323046875 0.010133333333333333 0.01484375