0 0.4224 0.5015625 0.08853333333333334 0.6640625
22 0.6349333333333333 0.499609375 0.27413333333333334 0.921875
26 0.6642666666666667 0.09765625 0.014933333333333333 0.02265625
29 0.6877333333333333 0.097265625 0.016 0.021875
28 0.6645333333333333 0.509375 0.016 0.02265625
27 0.688 0.509765625 0.015466666666666667 0.01953125
31 0.7352 0.43125 0.0096 0.075
17 0.736 0.349609375 0.009066666666666667 0.0734375
34 0.7352 0.282421875 0.008533333333333334 0.04609375
25 0.8154666666666667 0.06484375 0.030933333333333334 0.04765625
30 0.8154666666666667 0.205859375 0.021866666666666666 0.13359375