0 0.49893333333333334 0.386328125 0.4533333333333333 0.1296875
22 0.5002666666666666 0.69765625 0.6293333333333333 0.4015625
26 0.7746666666666666 0.740625 0.015466666666666667 0.021875
29 0.7749333333333334 0.775 0.014933333333333333 0.0234375
28 0.4936 0.741015625 0.015466666666666667 0.0234375
27 0.49333333333333335 0.775390625 0.013333333333333334 0.02265625
31 0.5469333333333334 0.84453125 0.0512 0.0140625
17 0.6026666666666667 0.845703125 0.050133333333333335 0.01328125
34 0.6485333333333333 0.84453125 0.031466666666666664 0.0125
25 0.7970666666666667 0.962109375 0.03253333333333333 0.0453125
30 0.7008 0.962109375 0.0912 0.03203125