0 0.49964004499437564 0.7284453124999999 0.4521597300337458 0.06596093750000023
22 0.49991001124859397 0.8663203124999999 0.6306636670416198 0.17212499999999978
34 0.3894488188976378 0.9266484375000001 0.03304836895388076 0.006226562500000199
17 0.4359392575928009 0.9271406249999998 0.050506186726659144 0.007210937499999659
31 0.4897525309336333 0.9269765625000002 0.048616422947131636 0.006226562500000199
21 0.23489313835770528 0.8161171875000001 0.03587176602924633 0.005749999999999744
23 0.25196850393700787 0.823421875 0.07070866141732285 0.006468749999999801
19 0.25248593925759283 0.8475000000000001 0.06967379077615297 0.005749999999999744
33 0.27680539932508436 0.8561250000000001 0.11831271091113611 0.006226562500000199
25 0.2033745781777278 0.9817578125 0.031158605174353194 0.021640624999999858
30 0.2993250843644545 0.9821874999999999 0.0918447694038245 0.014523437500000114