3 0.5312823397075366 0.009312500000000001 0.6950618672665917 0.0178359375
30 0.2231271091113611 0.00871875 0.07418447694038244 0.011890624999999998
9 0.7903599550056243 0.0255625 0.04793025871766018 0.005945312499999999
5 0.7089763779527559 0.042812499999999996 0.21256467941507315 0.01585937500000001
5 0.8000337457817773 0.042984375000000005 0.01014623172103485 0.007750000000000002
32 0.49082114735658033 0.061664062500000005 0.601169853768279 0.01973437499999999
8 0.20520809898762654 0.06465625 0.022834645669291352 0.007398437499999999
17 0.2995725534308211 0.0644765625 0.091822272215973 0.01339062499999999
4 0.40356580427446564 0.0644765625 0.09080989876265469 0.01339062499999999
12 0.4837232845894263 0.0650078125 0.04312710911136112 0.008812500000000001
11 0.5839145106861643 0.064828125 0.03449943757030379 0.00774999999999999
10 0.6967941507311587 0.064125 0.05224971878515191 0.00774999999999999
1 0.5 0.16241406249999998 1 0.17796874999999995
2 0.9897862767154105 0.16365625 0.020427446569178945 0.055171875
16 0.37510686164229473 0.66603125 0.05016872890888641 0.014515624999999944