0 0.5005208333333333 0.3850245499181669 0.45416666666666666 0.14648117839607203
22 0.5002604166666667 0.6972176759410802 0.6302083333333334 0.3878887070376432
21 0.23489583333333333 0.5842880523731587 0.035416666666666666 0.01309328968903437
23 0.25234375 0.602291325695581 0.07135416666666666 0.014729950900163666
19 0.253125 0.6558919803600655 0.07135416666666666 0.014729950900163666
33 0.27708333333333335 0.6747135842880524 0.11979166666666667 0.016366612111292964
31 0.49192708333333335 0.8346972176759411 0.04895833333333333 0.015548281505728314
17 0.43671875 0.8351063829787234 0.050520833333333334 0.01800327332242226
34 0.39036458333333335 0.8346972176759411 0.030208333333333334 0.013911620294599018
25 0.20286458333333332 0.9607201309328969 0.030208333333333334 0.049099836333878884
30 0.2994791666666667 0.9590834697217676 0.09166666666666666 0.03355155482815057