3 0.50265625 0.020531914893617022 0.636421875 0.04074468085106383
30 0.22245833333333334 0.018715220949263502 0.07502604166666664 0.029222585924713586
9 0.790625 0.05999181669394436 0.046015624999999956 0.012340425531914903
5 0.7083958333333332 0.09725040916530278 0.21207812500000003 0.036342062193126044
5 0.8002187500000001 0.09772504091653027 0.009953125000000066 0.01518821603927987
32 0.49115625 0.14262684124386252 0.5983489583333333 0.04785597381342064
8 0.20513541666666668 0.14546644844517184 0.021286458333333334 0.015654664484451714
17 0.29774999999999996 0.14534369885433715 0.08998437499999999 0.029934533551554815
4 0.4039270833333333 0.1463747954173486 0.08976562499999995 0.02914075286415713
12 0.48439062499999996 0.14581833060556465 0.04133854166666661 0.01509819967266775
11 0.5833385416666667 0.14471358428805237 0.03228125000000001 0.01603927986906712
10 0.6975520833333333 0.14605564648117839 0.04974479166666678 0.01714402618657937
10 0.30658854166666666 0.2045008183306056 0.05140625000000002 0.012495908346972161
10 0.310203125 0.25146481178396074 0.12293229166666665 0.025924713584288012
5 0.5001458333333333 0.34491816693944355 0.504828125 0.03605564648117835
5 0.7327656250000001 0.345 0.010666666666666677 0.01569558101472991
2 0.98996875 0.36991816693944357 0.02006249999999999 0.12113747954173484