3 0.5026041666666666 0.020458265139116204 0.6364583333333333 0.04091653027823241
30 0.22239583333333332 0.018821603927986905 0.075 0.029459901800327332
9 0.790625 0.060147299509001634 0.04583333333333333 0.012274959083469721
5 0.7083333333333334 0.09738134206219312 0.21197916666666666 0.03600654664484452
5 0.8002604166666667 0.09779050736497545 0.009895833333333333 0.015548281505728314
32 0.49114583333333334 0.1427986906710311 0.5984375 0.04746317512274959
8 0.20520833333333333 0.14566284779050737 0.021354166666666667 0.015548281505728314
17 0.29765625 0.14525368248772505 0.09010416666666667 0.030278232405891982
4 0.40390625 0.14648117839607203 0.08958333333333333 0.029459901800327332
12 0.484375 0.14566284779050737 0.04114583333333333 0.014729950900163666
11 0.5833333333333334 0.1448445171849427 0.03229166666666667 0.016366612111292964
10 0.69765625 0.14607201309328968 0.05 0.01718494271685761
10 0.3065104166666667 0.20458265139116202 0.0515625 0.012274959083469721
10 0.31015625 0.2516366612111293 0.12291666666666666 0.02618657937806874
5 0.5002604166666667 0.34492635024549917 0.5046875 0.03600654664484452
5 0.7328125 0.34492635024549917 0.010416666666666666 0.015548281505728314
2 0.98984375 0.3698854337152209 0.0203125 0.12111292962356793