0 0.5005000000000001 0.38511456628477897 0.454296875 0.14657119476268424
22 0.5001614583333333 0.6970376432078561 0.6302916666666666 0.38815875613747947
21 0.23502604166666666 0.5841162029459902 0.03556249999999998 0.012700490998363324
23 0.25234375 0.602291325695581 0.07123958333333331 0.014509001636661226
19 0.25302083333333336 0.6559819967266775 0.07155208333333334 0.015024549918167044
33 0.2770885416666667 0.674558101472995 0.11968229166666665 0.01601472995090011
31 0.49191145833333333 0.834631751227496 0.04913020833333329 0.015540098199672489
17 0.43671354166666665 0.8352127659574469 0.05070312499999995 0.018338788870703646
34 0.39041145833333335 0.8347135842880523 0.030307291666666694 0.014067103109655974
25 0.20295833333333332 0.9606137479541734 0.030437499999999968 0.04917348608837983
30 0.29949479166666665 0.9592471358428803 0.09160416666666672 0.03364975450081824