3 0.5026041666666666 0.9795417348608838 0.6364583333333333 0.04091653027823241
30 0.22239583333333332 0.9811783960720131 0.075 0.029459901800327332
9 0.790625 0.9398527004909983 0.04583333333333333 0.012274959083469721
5 0.7083333333333334 0.9026186579378068 0.21197916666666666 0.03600654664484452
5 0.8002604166666667 0.9022094926350246 0.009895833333333333 0.015548281505728314
32 0.49114583333333334 0.8572013093289689 0.5984375 0.04746317512274959
8 0.20520833333333333 0.8543371522094927 0.021354166666666667 0.015548281505728314
17 0.29765625 0.8547463175122749 0.09010416666666667 0.030278232405891982
4 0.40390625 0.853518821603928 0.08958333333333333 0.029459901800327332
12 0.484375 0.8543371522094927 0.04114583333333333 0.014729950900163666
11 0.5833333333333334 0.8551554828150573 0.03229166666666667 0.016366612111292964
10 0.69765625 0.8539279869067103 0.05 0.01718494271685761
10 0.3065104166666667 0.795417348608838 0.0515625 0.012274959083469721
10 0.31015625 0.7483633387888707 0.12291666666666666 0.02618657937806874
5 0.5002604166666667 0.6550736497545008 0.5046875 0.03600654664484452
5 0.7328125 0.6550736497545008 0.010416666666666666 0.015548281505728314
2 0.98984375 0.630114566284779 0.0203125 0.12111292962356793