3 0.5048697916666667 0.026595092024539878 0.6719583333333333 0.053190184049079756
30 0.20118229166666665 0.025705521472392637 0.06277083333333332 0.03191206543967281
7 0.8313645833333333 0.026155419222903882 0.014453125 0.02748466257668711
5 0.7573072916666667 0.08865030674846626 0.15805208333333334 0.047873210633946825
5 0.8239166666666667 0.08865030674846626 0.011291666666666582 0.021278118609406954
32 0.5012604166666667 0.1564723926380368 0.45880729166666673 0.05407975460122698
8 0.2842708333333333 0.15692229038854805 0.01941666666666665 0.015961145194274044
17 0.39061979166666666 0.16091002044989774 0.17521354166666672 0.022167689161554198
4 0.5306093749999999 0.16002044989775052 0.08760937500000002 0.02393660531697344
12 0.5985729166666667 0.15736196319018406 0.032963541666666644 0.02393660531697344
2 0.9864479166666666 0.36100204498977506 0.027104166666666648 0.18945807770961143
12 0.517421875 0.32835378323108383 0.1349791666666666 0.06785276073619634
1 0.5 0.33667689161554193 1 0.2969938650306749
10 0.06716145833333333 0.6464723926380368 0.04825520833333332 0.023047034764826137
16 0.06292708333333333 0.8199386503067484 0.03977604166666667 0.02175869120654394
12 0.063578125 0.8775357873210634 0.041078125 0.02432515337423309