22 0.50546875 0.48517382413087934 0.9052083333333333 0.5930470347648262
31 0.16953125 0.2714723926380368 0.0578125 0.02147239263803681
34 0.11536458333333334 0.2724948875255624 0.036458333333333336 0.019427402862985686
26 0.10416666666666667 0.3425357873210634 0.0125 0.023517382413087935
28 0.20364583333333333 0.3440695296523517 0.011458333333333333 0.023517382413087935
27 0.3265625 0.34355828220858897 0.011458333333333333 0.023517382413087935
33 0.1796875 0.43149284253578735 0.16666666666666666 0.022494887525562373
20 0.14635416666666667 0.4539877300613497 0.09947916666666666 0.02044989775051125
23 0.14505208333333333 0.5194274028629857 0.09583333333333334 0.019427402862985686
21 0.12057291666666667 0.5838445807770961 0.049479166666666664 0.02147239263803681
25 0.06901041666666667 0.11451942740286299 0.030208333333333334 0.06134969325153374
30 0.12395833333333334 0.11094069529652352 0.059375 0.03067484662576687