22 0.5053593749999999 0.5150511247443763 0.905078125 0.5927096114519428
31 0.169453125 0.7287423312883436 0.05798958333333335 0.02144171779141084
34 0.11541666666666665 0.7276380368098161 0.03652604166666666 0.019222903885480758
26 0.10411979166666667 0.6574028629856852 0.01242708333333334 0.023660531697341385
28 0.20353125 0.6559304703476483 0.011671874999999983 0.023660531697341385
27 0.3266614583333334 0.6566666666666667 0.011671875000000043 0.023660531697341385
33 0.17961979166666667 0.568323108384458 0.16643749999999996 0.022914110429447705
20 0.14647916666666666 0.5457770961145194 0.09941145833333334 0.02069529652351716
23 0.14497395833333335 0.4807259713701432 0.09564583333333333 0.019222903885480758
21 0.1206875 0.4160429447852762 0.04932812499999999 0.02144171779141084
25 0.06905208333333333 0.8854294478527608 0.030234375000000004 0.061768916155419074
30 0.12400520833333335 0.889038854805726 0.059244791666666664 0.03048057259713696