3 0.5049479166666667 0.9734151329243353 0.671875 0.053169734151329244
30 0.20130208333333333 0.9744376278118609 0.06302083333333333 0.03169734151329243
7 0.83125 0.9739263803680982 0.014583333333333334 0.027607361963190184
5 0.7572916666666667 0.9115541922290389 0.1578125 0.04805725971370143
5 0.8239583333333333 0.9115541922290389 0.011458333333333333 0.02147239263803681
32 0.5013020833333334 0.843558282208589 0.4588541666666667 0.0541922290388548
8 0.284375 0.8430470347648262 0.019270833333333334 0.016359918200409
17 0.390625 0.838957055214724 0.175 0.022494887525562373
4 0.5307291666666667 0.8399795501022495 0.0875 0.023517382413087935
12 0.5986979166666667 0.8425357873210634 0.0328125 0.023517382413087935
2 0.9864583333333333 0.6390593047034765 0.027083333333333334 0.18916155419222905
12 0.5174479166666667 0.6717791411042945 0.13489583333333333 0.06748466257668712
1 0.5 0.6630879345603272 1 0.2965235173824131
10 0.0671875 0.3537832310838446 0.0484375 0.023517382413087935
16 0.06302083333333333 0.17995910020449898 0.03958333333333333 0.02147239263803681
12 0.06354166666666666 0.12269938650306748 0.04114583333333333 0.024539877300613498