3 0.6986979166666667 0.5 0.0265625 1
5 0.6505208333333333 0.8687116564417178 0.022916666666666665 0.2625766871165644
32 0.6221354166666667 0.5 0.030729166666666665 1
17 0.6190104166666667 0.0656441717791411 0.019270833333333334 0.1312883435582822
4 0.6203125 0.27116564417177913 0.016666666666666666 0.21717791411042944
12 0.6192708333333333 0.4625766871165644 0.010416666666666666 0.10061349693251534
11 0.6192708333333333 0.6969325153374233 0.009895833333333333 0.07484662576687116
10 0.6197916666666666 0.9515337423312883 0.010416666666666666 0.09693251533742331
17 0.5822916666666667 0.05460122699386503 0.010416666666666666 0.10920245398773006
17 0.5565104166666667 0.10245398773006135 0.0171875 0.2049079754601227
16 0.5088541666666667 0.25766871165644173 0.014583333333333334 0.2588957055214724
10 0.39375 0.2184049079754601 0.011979166666666667 0.17668711656441718
0 0.29296875 0.5 0.0109375 1