3 0.48463541666666665 0.9687116564417177 0.6609375 0.06257668711656442
30 0.7768229166666667 0.9717791411042945 0.07239583333333334 0.04171779141104295
9 0.20911458333333333 0.911042944785276 0.0453125 0.0196319018404908
5 0.2916666666666667 0.8552147239263803 0.21458333333333332 0.053987730061349694
5 0.2 0.8539877300613496 0.009375 0.026993865030674847
32 0.5083333333333333 0.7877300613496933 0.6015625 0.07239263803680981
8 0.7947916666666667 0.7803680981595092 0.0234375 0.01717791411042945
17 0.7018229166666666 0.7803680981595092 0.090625 0.04539877300613497
4 0.5971354166666667 0.7834355828220859 0.0921875 0.0392638036809816
12 0.5158854166666667 0.7809815950920246 0.042708333333333334 0.024539877300613498
11 0.41640625 0.7809815950920246 0.03177083333333333 0.023312883435582823
10 0.3028645833333333 0.7828220858895706 0.0515625 0.024539877300613498
17 0.69296875 0.694478527607362 0.0546875 0.024539877300613498
17 0.6885416666666667 0.6337423312883436 0.1265625 0.04049079754601227
16 0.6028645833333334 0.5208588957055215 0.10989583333333333 0.0343558282208589
10 0.61953125 0.24969325153374233 0.075 0.02822085889570552
0 0.50078125 0.012883435582822086 0.4546875 0.025766871165644172
2 0.010416666666666666 0.44539877300613495 0.020833333333333332 0.18404907975460122