0 0.50078125 0.9079754601226994 0.4546875 0.18404907975460122
22 0.5002604166666667 0.4539877300613497 0.63125 0.5828220858895705
21 0.7643229166666666 0.6239263803680981 0.0375 0.020858895705521473
23 0.7479166666666667 0.5950920245398773 0.07083333333333333 0.023312883435582823
19 0.7473958333333334 0.5153374233128835 0.07135416666666666 0.018404907975460124
33 0.7229166666666667 0.48773006134969327 0.12135416666666667 0.024539877300613498
31 0.509375 0.24785276073619633 0.04791666666666667 0.022085889570552148
17 0.5638020833333334 0.24662576687116564 0.051041666666666666 0.024539877300613498
34 0.61015625 0.24785276073619633 0.0328125 0.022085889570552148
25 0.7971354166666667 0.06012269938650307 0.03177083333333333 0.07484662576687116
30 0.7005208333333334 0.06012269938650307 0.09114583333333333 0.049079754601226995