0 0.49921875 0.09202453987730061 0.4546875 0.18404907975460122
22 0.49985416666666665 0.5462576687116565 0.6310052083333334 0.5825030674846629
21 0.23569791666666667 0.37600000000000006 0.03757291666666666 0.021447852760736217
23 0.25200520833333334 0.4048957055214724 0.07102083333333328 0.02282208588957044
19 0.252546875 0.48468711656441715 0.0712708333333333 0.018957055214723705
33 0.27711458333333333 0.5125276073619632 0.12123437499999999 0.024024539877300525
31 0.490625 0.7521717791411042 0.04769791666666663 0.022674846625766895
17 0.43611458333333336 0.7533374233128834 0.051005208333333364 0.025006134969325286
34 0.3899427083333334 0.752159509202454 0.03301041666666672 0.02263803680981573
25 0.20289062500000002 0.9398282208588957 0.031562500000000014 0.07433128834355819
30 0.29959375 0.9398282208588957 0.09122395833333338 0.04873619631901816