3 0.5152604166666667 0.031300613496932514 0.660765625 0.06258895705521472
30 0.22316145833333334 0.028257668711656442 0.07245312500000001 0.04149693251533741
9 0.7907708333333333 0.08877300613496932 0.04551041666666673 0.019435582822085892
5 0.7084218750000001 0.14504294478527607 0.21432812500000012 0.0543803680981595
5 0.7998854166666667 0.1460122699386503 0.009177083333333277 0.027214723926380375
32 0.4917916666666667 0.21247852760736194 0.6014791666666665 0.07283435582822087
8 0.20530729166666667 0.2198650306748466 0.023359375000000012 0.017300613496932543
17 0.29809375 0.21938650306748467 0.09056249999999993 0.04543558282208585
4 0.4027760416666667 0.21647852760736197 0.09198958333333339 0.03960736196319015
12 0.48419270833333333 0.2188957055214724 0.042776041666666605 0.0250552147239264
11 0.583625 0.21901840490797547 0.03164583333333345 0.022871165644171763
10 0.6971041666666667 0.21732515337423314 0.05170312499999999 0.02433128834355826
17 0.3069479166666667 0.3056932515337423 0.054739583333333286 0.02403680981595096
17 0.31142187499999996 0.3662085889570552 0.12647916666666661 0.04079754601226994
16 0.39721875 0.47921472392638037 0.10969270833333328 0.034000000000000044
10 0.38039062500000004 0.7505889570552148 0.07500520833333332 0.028711656441717904
0 0.49921875 0.9871165644171779 0.4546875 0.025766871165644172
2 0.9896718750000001 0.5545644171779142 0.020656249999999925 0.1843435582822086