22 0.5003156565656566 0.29921875 0.6426767676767676 0.4421875
31 0.3993055555555556 0.122265625 0.06313131313131314 0.01640625
34 0.33301767676767674 0.121875 0.03977272727272727 0.0171875
25 0.19981060606060605 0.030859375 0.022727272727272728 0.02734375
30 0.2743055555555556 0.030859375 0.09406565656565656 0.028125
26 0.24084595959595959 0.16953125 0.013257575757575758 0.01640625
27 0.369949494949495 0.16875 0.013257575757575758 0.01640625
28 0.4775883838383838 0.16953125 0.013888888888888888 0.01796875
23 0.27525252525252525 0.37890625 0.08585858585858586 0.0125
20 0.2774621212121212 0.319921875 0.08964646464646464 0.0125
19 0.27683080808080807 0.253515625 0.08775252525252525 0.01484375
33 0.3061868686868687 0.23203125 0.14646464646464646 0.01328125