22 0.5004671717171717 0.7008671875000001 0.6427967171717172 0.44253906249999986
31 0.3992866161616162 0.8776171875 0.06331439393939392 0.016632812499999972
34 0.3330429292929293 0.8779375000000001 0.03984848484848478 0.017265625000000284
25 0.19980429292929294 0.9689843750000001 0.022815656565656556 0.02770312500000003
30 0.2741603535353535 0.9691953125000001 0.09404040404040406 0.028117187499999828
26 0.24071338383838384 0.8304843749999999 0.012979797979797945 0.016734375000000058
27 0.3699368686868687 0.831203125 0.013124999999999977 0.016109374999999915
28 0.47767045454545454 0.8306406249999998 0.013611111111111077 0.018070312500000085
23 0.2753724747474747 0.6210625000000001 0.08562499999999999 0.012398437499999915
20 0.2775378787878788 0.6799375000000001 0.08995580808080808 0.012609375000000256
19 0.27674242424242423 0.7465078125000002 0.0875441919191919 0.014796874999999687
33 0.3060732323232323 0.7681093749999999 0.14619318181818186 0.013664062499999829