0 0.5 0.05686032138442522 0.4552083333333333 0.11372064276885044
22 0.4998697916666667 0.5084177997527811 0.629578125 0.6515080346106306
21 0.23521875 0.3081582200247218 0.03566666666666667 0.019876390605685943
23 0.25280729166666666 0.33677379480840547 0.06945833333333327 0.019357231149567188
19 0.25305208333333334 0.41781211372064275 0.07064062499999994 0.019690976514214878
33 0.27696875 0.44595797280593324 0.11847916666666668 0.021520395550061626
26 0.22527604166666665 0.5820148331273176 0.014390624999999997 0.03452410383189102
29 0.22558854166666667 0.6392212608158221 0.014317708333333339 0.03503090234857867
28 0.5066875000000001 0.5816934487021013 0.013932291666666667 0.03385661310259564
31 0.452203125 0.7526823238566132 0.048916666666666705 0.019357231149567188
17 0.3969947916666667 0.7533498145859086 0.04976041666666665 0.020679851668726847
34 0.3512395833333333 0.7511124845488258 0.03057291666666669 0.02117428924598283
30 0.29915625 0.9406798516687268 0.09191145833333335 0.04877626699629176
25 0.20302083333333334 0.9399381953028432 0.031078124999999977 0.07532756489493209