3 0.514640625 0.03168108776266996 0.6585 0.06334981458590853
30 0.22372916666666667 0.029233621755253396 0.07358854166666665 0.04087762669962918
9 0.790875 0.08897404202719407 0.04675000000000011 0.021100123609394304
5 0.7089375 0.14676143386897406 0.2122708333333333 0.05605686032138442
5 0.8000885416666667 0.14676143386897406 0.008557291666666581 0.026736711990111243
32 0.492515625 0.21112484548825713 0.5998333333333333 0.06996291718170584
8 0.20484375000000002 0.2204079110012361 0.022432291666666694 0.020123609394313933
17 0.2981979166666667 0.2211372064276885 0.091796875 0.046019777503090255
4 0.403703125 0.2196786155747837 0.09075000000000001 0.04309023485784921
12 0.48440104166666664 0.22186650185414092 0.04215625000000003 0.023053152039554978
11 0.5832135416666666 0.2215080346106304 0.0339114583333334 0.019876390605686012
10 0.6981875 0.2216316440049444 0.05180208333333335 0.027453646477132238
17 0.30715625 0.30870210135970333 0.05411979166666671 0.023250927070457287
17 0.3119375 0.368442521631644 0.12854166666666664 0.04257107540173046
16 0.39675520833333333 0.4835105067985167 0.10876562499999996 0.03328800988875148
10 0.37992708333333336 0.7573918417799753 0.07407812500000001 0.02893695920889998
0 0.5 0.984548825710754 0.4552083333333333 0.030902348578491966
2 0.9893229166666667 0.5562422744128553 0.021354166666666667 0.18294190358467244