3 0.30234375 0.5 0.0265625 1
5 0.35078125 0.8714462299134734 0.0234375 0.25710754017305315
32 0.37838541666666664 0.5 0.0296875 1
17 0.38255208333333335 0.06489493201483312 0.019270833333333334 0.12978986402966625
4 0.38177083333333334 0.27132262051915945 0.018229166666666668 0.21508034610630408
12 0.3828125 0.46291718170580964 0.009895833333333333 0.10012360939431397
11 0.38255208333333335 0.6977750309023486 0.008333333333333333 0.08034610630407911
10 0.3828125 0.9542645241038319 0.011458333333333333 0.09147095179233622
17 0.41901041666666666 0.05315203955500618 0.009895833333333333 0.10630407911001236
17 0.44427083333333334 0.10321384425216316 0.017708333333333333 0.20642768850432633
16 0.49296875 0.2552533992583436 0.0140625 0.2583436341161928
10 0.6083333333333333 0.21508034610630408 0.011979166666666667 0.17552533992583436
0 0.70390625 0.5 0.013020833333333334 1