3 0.5138670852956567 0.01953125 0.6562009419152276 0.0390625
30 0.22291993720565148 0.01796875 0.07378335949764521 0.025
9 0.7906855049712193 0.05625 0.04657247514390372 0.01328125
5 0.7082679225536368 0.0921875 0.21245421245421245 0.03515625
5 0.8006279434850864 0.092578125 0.015698587127158554 0.0265625
32 0.4921507064364207 0.134765625 0.6007326007326007 0.04375
8 0.20512820512820512 0.1390625 0.02197802197802198 0.01484375
17 0.2977498691784406 0.137890625 0.09262166405023547 0.03046875
4 0.4026687598116169 0.13828125 0.09105180533751962 0.028125
12 0.48482469911041337 0.13984375 0.046049188906331764 0.0171875
11 0.5829408686551544 0.13828125 0.03453689167974882 0.0140625
10 0.6975405546834118 0.138671875 0.052328623757195186 0.015625
10 0.3058608058608059 0.19453125 0.05023547880690738 0.0140625
10 0.3116169544740973 0.2390625 0.12454212454212454 0.025
5 0.5005232862375719 0.32890625 0.5054945054945055 0.0375
5 0.7320774463631606 0.32890625 0.017791732077446363 0.02578125
2 0.989010989010989 0.3515625 0.02197802197802198 0.1171875