3 0.8215593929879644 0.515234375 0.026164311878597593 0.96953125
30 0.8228676085818943 0.086328125 0.01674515960230246 0.11015625
9 0.7972265829408687 0.933984375 0.008895866038723181 0.06953125
5 0.7731554160125589 0.8109375 0.023547880690737835 0.3171875
5 0.7728937728937729 0.948828125 0.017791732077446363 0.0234375
32 0.7446363160648874 0.48828125 0.029304029304029304 0.896875
8 0.7417582417582418 0.059765625 0.009942438513867086 0.0328125
17 0.7425431711145997 0.198046875 0.02040816326530612 0.13828125
4 0.7422815279958137 0.3546875 0.018838304552590265 0.1359375
12 0.7412349555206698 0.47734375 0.011512297226582941 0.06875
11 0.7422815279958137 0.623828125 0.009419152276295133 0.0515625
10 0.7420198848770277 0.794921875 0.010465724751439037 0.078125
10 0.7046049188906331 0.21015625 0.009419152276295133 0.075
10 0.6747776033490319 0.21875 0.01674515960230246 0.1859375
5 0.6145996860282574 0.50078125 0.02511773940345369 0.7546875
5 0.6145996860282574 0.846484375 0.01726844583987441 0.0265625