3 0.5138566195709053 0.01946875 0.656415489272632 0.0389375
30 0.223003663003663 0.017820312499999998 0.07381998953427528 0.025078125
9 0.7905703819989535 0.05609375 0.04641548927263203 0.01319531250000001
5 0.7083516483516484 0.0920625 0.21261643118785972 0.03497656249999999
5 0.8005128205128205 0.092390625 0.01591313448456298 0.026398437499999993
32 0.49219780219780224 0.134625 0.6007169021454736 0.0435546875
8 0.20510204081632652 0.13925 0.022103610675039253 0.014515624999999987
17 0.29770800627943483 0.1379296875 0.09238618524332808 0.03035937500000001
4 0.4026896912611198 0.1382578125 0.09105703819989534 0.028374999999999994
12 0.4849084249084249 0.13990625 0.045970695970695925 0.017156249999999984
11 0.5830350601779174 0.1382578125 0.03447933019361584 0.013859375000000007
10 0.6975248560962847 0.13858593749999998 0.052161172161172074 0.015835937499999987
10 0.30588697017268446 0.1943515625 0.05039246467817894 0.013859375000000007
10 0.31163265306122445 0.2388984375 0.12465201465201467 0.025078125000000017
5 0.5005965463108321 0.32897656249999996 0.5052380952380953 0.03761718749999998
5 0.7319989534275249 0.32897656249999996 0.017681841967556233 0.025734374999999955
2 0.989010989010989 0.3515625 0.02197802197802198 0.1171875