3 0.5104843750000001 0.029776470588235293 0.6486093749999999 0.05910588235294118
30 0.22358333333333333 0.029105882352941176 0.07283333333333335 0.035399999999999994
9 0.79034375 0.08432941176470589 0.04533854166666676 0.016188235294117635
5 0.7085416666666667 0.13799999999999998 0.21132291666666655 0.051976470588235305
5 0.7995989583333334 0.1382235294117647 0.01732812499999999 0.03901176470588235
32 0.49178125 0.2016235294117647 0.5973437500000001 0.06965882352941175
8 0.20513020833333334 0.20988235294117646 0.021072916666666684 0.01912941176470587
17 0.2979114583333333 0.20865882352941179 0.08885416666666662 0.0412705882352941
4 0.4038125 0.2089764705882353 0.0908177083333334 0.04414117647058821
12 0.484375 0.2096470588235294 0.04211458333333328 0.023117647058823503
11 0.5832499999999999 0.20998823529411767 0.032005208333333236 0.020658823529411768
10 0.6979583333333333 0.20976470588235296 0.049609375 0.021105882352941172
5 0.5010833333333333 0.4289764705882353 0.5051041666666667 0.0548705882352941
5 0.7320052083333334 0.43076470588235294 0.010807291666666666 0.022670588235294095
2 0.9898072916666667 0.5314352941176471 0.02038020833333339 0.1756588235294117
0 0.49895833333333334 0.971764705882353 0.4552083333333333 0.05647058823529412