0 0.49895833333333334 0.07882352941176471 0.4552083333333333 0.15764705882352942
22 0.5003385416666666 0.5368588235294117 0.6298072916666667 0.6189294117647061
21 0.235328125 0.3403764705882352 0.03557291666666664 0.01852941176470588
23 0.25311979166666665 0.3670941176470588 0.07115624999999995 0.014870588235293967
19 0.25269791666666663 0.44405882352941184 0.07030729166666667 0.015376470588235486
33 0.277015625 0.4690235294117648 0.12106770833333336 0.019047058823529476
26 0.22569270833333333 0.6015529411764705 0.014182291666666676 0.032117647058823744
29 0.22544791666666666 0.6549058823529412 0.014114583333333345 0.03261176470588212
28 0.5066666666666666 0.6010117647058822 0.014916666666666719 0.03545882352941161
31 0.452203125 0.762435294117647 0.04884895833333332 0.01924705882352956
17 0.397078125 0.762435294117647 0.050197916666666606 0.01924705882352956
34 0.35165624999999995 0.762564705882353 0.03078645833333328 0.0169764705882351
25 0.2033697916666667 0.942635294117647 0.031307291666666674 0.07285882352941157
30 0.29905208333333333 0.9406588235294117 0.09212499999999994 0.04708235294117645