12 0.5456306306306307 0.6281640625000001 0.040833333333333326 0.0073281250000000854
12 0.28829954954954956 0.023007812500000037 0.042950450450450435 0.0063515625000000854
0 0.49986486486486487 0.7082656249999999 0.4548085585585587 0.06496093749999972
22 0.5005743243243244 0.8560156249999998 0.6336373873873875 0.19341406249999976
26 0.22515765765765766 0.8771875000000001 0.013536036036036016 0.010695312499999688
29 0.2261036036036036 0.8934843749999999 0.014662162162162143 0.010953125000000341
28 0.5067004504504504 0.8771875000000001 0.014279279279279224 0.01017187500000034
27 0.5061373873873873 0.8934843749999999 0.014662162162162143 0.010429687500000284
34 0.35822072072072075 0.9263437499999998 0.030822072072072076 0.007304687500000284
17 0.4046509009009009 0.926859375 0.05074324324324331 0.007304687500000284
31 0.45896396396396394 0.9264687500000001 0.0488626126126126 0.006000000000000227
25 0.20242117117117117 0.9822812500000001 0.031948198198198205 0.02112499999999997
30 0.2995833333333333 0.9821484375 0.09172297297297302 0.015124999999999745
33 0.276722972972973 0.8531718749999999 0.120518018018018 0.006921874999999744
21 0.23469594594594595 0.7968515624999999 0.03569819819819819 0.007187499999999858
23 0.2529279279279279 0.8047109375000001 0.06985360360360364 0.006921874999999744
20 0.2533108108108108 0.8370625 0.07369369369369362 0.006656250000000341
19 0.25195945945945947 0.8449140624999998 0.07100225225225226 0.006390625000000228