3 0.5126801801801801 0.009218750000000001 0.654268018018018 0.018437500000000002
30 0.2233671171171171 0.008687499999999999 0.07462837837837835 0.01028125
9 0.7910022522522522 0.025710937499999996 0.04650900900900896 0.006734375000000003
5 0.7084572072072072 0.042726562499999995 0.21365990990990993 0.016664062499999986
5 0.799695945945946 0.0430859375 0.015844594594594523 0.0124140625
32 0.49198198198198195 0.061882812499999995 0.600596846846847 0.020921875
8 0.20496621621621622 0.0650703125 0.02351351351351351 0.006031249999999999
17 0.296722972972973 0.064359375 0.090472972972973 0.013828124999999991
4 0.40380630630630626 0.0641875 0.08791666666666673 0.012765625000000003
12 0.48431306306306304 0.064359375 0.042421171171171126 0.0074453125000000005
11 0.5837274774774776 0.0645390625 0.0316891891891893 0.00709375000000001
10 0.6974662162162163 0.06489062500000001 0.05162162162162153 0.00709375000000001
1 0.5 0.1612734375 1 0.17577343750000002
2 0.9898648648648649 0.1625 0.02027027027027027 0.053125
16 0.3742004504504505 0.652046875 0.05139639639639638 0.014656249999999992