3 0.5129504504504504 0.990625 0.6542792792792793 0.01875
30 0.22353603603603603 0.99140625 0.07432432432432433 0.01015625
9 0.7911036036036037 0.97421875 0.04617117117117117 0.00703125
5 0.7083333333333334 0.957421875 0.21396396396396397 0.01640625
5 0.7995495495495496 0.95703125 0.015765765765765764 0.0125
32 0.49211711711711714 0.93828125 0.6002252252252253 0.02109375
8 0.20495495495495494 0.934765625 0.02364864864864865 0.00625
17 0.29673423423423423 0.935546875 0.09009009009009009 0.0140625
4 0.40371621621621623 0.9359375 0.08783783783783784 0.0125
12 0.48423423423423423 0.935546875 0.04279279279279279 0.0078125
11 0.5838963963963963 0.935546875 0.03153153153153153 0.00703125
10 0.6976351351351351 0.93515625 0.0518018018018018 0.00703125
1 0.5 0.838671875 1 0.17578125
2 0.9898648648648649 0.8375 0.02027027027027027 0.053125
16 0.3744369369369369 0.348046875 0.0518018018018018 0.01484375