12 0.4543918918918919 0.628125 0.04054054054054054 0.00703125
12 0.7117117117117117 0.023046875 0.04279279279279279 0.00625
0 0.5 0.708203125 0.45495495495495497 0.06484375
22 0.4994369369369369 0.855859375 0.634009009009009 0.19375
26 0.7747747747747747 0.87734375 0.013513513513513514 0.0109375
29 0.7736486486486487 0.893359375 0.01463963963963964 0.0109375
28 0.49324324324324326 0.87734375 0.01463963963963964 0.01015625
27 0.4938063063063063 0.893359375 0.01463963963963964 0.01015625
34 0.6418918918918919 0.926171875 0.030405405405405407 0.00703125
17 0.5951576576576577 0.926953125 0.05067567567567568 0.00703125
31 0.5411036036036037 0.9265625 0.04842342342342342 0.00625
25 0.7972972972972973 0.982421875 0.03153153153153153 0.02109375
30 0.7004504504504504 0.98203125 0.09121621621621621 0.01484375
33 0.723536036036036 0.853125 0.1204954954954955 0.00703125
21 0.7652027027027027 0.796875 0.036036036036036036 0.00703125
23 0.7471846846846847 0.8046875 0.06981981981981981 0.00703125
20 0.7466216216216216 0.837109375 0.0731981981981982 0.00703125
19 0.7483108108108109 0.844921875 0.07094594594594594 0.00625