3 0.48704954954954954 0.009375 0.6542792792792793 0.01875
30 0.776463963963964 0.00859375 0.07432432432432433 0.01015625
9 0.2088963963963964 0.02578125 0.04617117117117117 0.00703125
5 0.2916666666666667 0.042578125 0.21396396396396397 0.01640625
5 0.20045045045045046 0.04296875 0.015765765765765764 0.0125
32 0.5078828828828829 0.06171875 0.6002252252252253 0.02109375
8 0.795045045045045 0.065234375 0.02364864864864865 0.00625
17 0.7032657657657657 0.064453125 0.09009009009009009 0.0140625
4 0.5962837837837838 0.0640625 0.08783783783783784 0.0125
12 0.5157657657657657 0.064453125 0.04279279279279279 0.0078125
11 0.4161036036036036 0.064453125 0.03153153153153153 0.00703125
10 0.30236486486486486 0.06484375 0.0518018018018018 0.00703125
1 0.5 0.161328125 1 0.17578125
2 0.010135135135135136 0.1625 0.02027027027027027 0.053125
16 0.6255630630630631 0.651953125 0.0518018018018018 0.01484375