3 0.5090775510204082 0.0128125 0.650930612244898 0.025625
30 0.22320816326530613 0.0108515625 0.07356734693877551 0.016875
9 0.7903020408163265 0.0356796875 0.04685714285714293 0.009640625000000003
5 0.708930612244898 0.059312500000000004 0.21162448979591839 0.02217968750000001
5 0.8003836734693878 0.059312500000000004 0.009575510204081648 0.009640625000000003
32 0.49164897959183673 0.0863515625 0.5982448979591836 0.030093749999999985
8 0.20501224489795916 0.088625 0.022400000000000045 0.007421875
17 0.2982612244897959 0.0882109375 0.08915102040816329 0.018132812500000005
4 0.403134693877551 0.08882812500000001 0.0904489795918367 0.016898437499999995
12 0.48389387755102037 0.08882812500000001 0.040914285714285625 0.009476562499999997
11 0.5831673469387755 0.088625 0.03101224489795919 0.007421875
10 0.6973061224489796 0.0892421875 0.04995918367346942 0.009476562499999997
11 0.2958938775510204 0.1242734375 0.03101224489795919 0.009476562499999997
11 0.28598367346938774 0.153953125 0.07235918367346937 0.017726562499999998
5 0.5002612244897959 0.21021874999999998 0.5034857142857143 0.02225781250000001
5 0.7324081632653061 0.21083593750000001 0.010767346938775554 0.010304687500000043
12 0.5465632653061224 0.46371874999999996 0.04306938775510203 0.008242187499999965
12 0.2885714285714286 0.6527109375 0.041346938775510184 0.009476562500000086
2 0.989395918367347 0.22574999999999998 0.021208163265306137 0.07496875000000003