0 0.3963265306122449 0.500390625 0.09142857142857143 0.434375
22 0.1840816326530612 0.500390625 0.2742857142857143 0.603125
31 0.08326530612244898 0.53828125 0.00816326530612245 0.0453125
17 0.0836734693877551 0.591015625 0.008979591836734694 0.0484375
34 0.08326530612244898 0.635546875 0.00816326530612245 0.0296875
26 0.1546938775510204 0.762890625 0.015510204081632653 0.01484375
29 0.1310204081632653 0.762890625 0.015510204081632653 0.0140625
28 0.1546938775510204 0.493359375 0.015510204081632653 0.01328125
27 0.1310204081632653 0.493359375 0.013877551020408163 0.01328125
33 0.18979591836734694 0.71328125 0.007346938775510204 0.11328125
19 0.20122448979591837 0.73671875 0.008979591836734694 0.0671875
20 0.21224489795918366 0.735546875 0.00816326530612245 0.06875
23 0.25795918367346937 0.73671875 0.00816326530612245 0.0671875
21 0.26979591836734695 0.752734375 0.00816326530612245 0.034375
25 0.009795918367346938 0.783984375 0.019591836734693877 0.02734375
30 0.0069387755102040816 0.691796875 0.013877551020408163 0.08671875