0 0.5004081632653061 0.59921875 0.45387755102040817 0.0875
22 0.5004081632653061 0.80234375 0.6302040816326531 0.2625
31 0.5395918367346939 0.898828125 0.0473469387755102 0.0078125
17 0.5951020408163266 0.8984375 0.05061224489795919 0.00859375
34 0.6416326530612245 0.898828125 0.031020408163265307 0.0078125
26 0.7746938775510204 0.83046875 0.015510204081632653 0.01484375
29 0.7746938775510204 0.853125 0.014693877551020407 0.01484375
28 0.4930612244897959 0.83046875 0.013877551020408163 0.01484375
27 0.4930612244897959 0.853125 0.013877551020408163 0.01328125
33 0.7228571428571429 0.796875 0.11836734693877551 0.00703125
19 0.7473469387755102 0.7859375 0.07020408163265306 0.00859375
20 0.7461224489795918 0.775390625 0.07183673469387755 0.0078125
23 0.7473469387755102 0.731640625 0.07020408163265306 0.0078125
21 0.7640816326530612 0.7203125 0.035918367346938776 0.0078125
25 0.796734693877551 0.975 0.02857142857142857 0.03046875
30 0.7008163265306122 0.975 0.09061224489795919 0.0203125