9 0.9853061224489796 0.222265625 0.009795918367346938 0.04453125
5 0.9604081632653061 0.3 0.022857142857142857 0.20234375
5 0.9604081632653061 0.2125 0.009795918367346938 0.009375
32 0.9322448979591836 0.5078125 0.03183673469387755 0.57265625
8 0.929795918367347 0.782421875 0.00816326530612245 0.02109375
17 0.9302040816326531 0.69296875 0.018775510204081632 0.08515625
4 0.929795918367347 0.592578125 0.017959183673469388 0.08671875
12 0.929795918367347 0.515234375 0.009795918367346938 0.0390625
11 0.929795918367347 0.4203125 0.00816326530612245 0.0296875
10 0.9293877551020409 0.311328125 0.009795918367346938 0.04765625
11 0.8926530612244898 0.6953125 0.009795918367346938 0.0296875
11 0.8616326530612245 0.7046875 0.018775510204081632 0.06953125
5 0.8028571428571428 0.499609375 0.022857142857142857 0.48203125
5 0.8020408163265306 0.277734375 0.010612244897959184 0.01015625
12 0.5379591836734694 0.45546875 0.008979591836734694 0.04140625
12 0.3404081632653061 0.70234375 0.009795918367346938 0.03984375
2 0.786530612244898 0.031640625 0.0783673469387755 0.0203125