0 0.4993959183673469 0.5993124999999999 0.453526530612245 0.0873828125000001
22 0.4996163265306122 0.8023203124999998 0.6305469387755103 0.2625703125000001
31 0.4602040816326531 0.8987734374999998 0.0469469387755102 0.007828125000000342
17 0.4048571428571429 0.8983593750000001 0.05082448979591836 0.008656249999999944
34 0.3583428571428572 0.8989765625 0.03101224489795919 0.007421875
26 0.22550204081632655 0.8305 0.015110204081632645 0.014726562500000285
29 0.22521632653061224 0.853125 0.014546938775510245 0.01446093750000017
28 0.5070938775510204 0.8306328125 0.014269387755102055 0.01446093750000017
27 0.5068163265306123 0.8532578125000001 0.013706122448979563 0.013656249999999658
33 0.27725714285714287 0.7970312499999999 0.11862857142857137 0.006695312499999773
19 0.25263673469387754 0.7857812500000001 0.0705061224489796 0.008296874999999915
20 0.25403265306122447 0.7752031250000002 0.07217959183673466 0.0080312499999998
23 0.2527755102040816 0.7315625000000001 0.07022040816326529 0.007500000000000284
21 0.23585306122448982 0.7203125 0.035812244897959186 0.007500000000000284
25 0.2033959183673469 0.9751249999999999 0.028873469387755105 0.03008593750000017
30 0.2991591836734694 0.97496875 0.0907918367346939 0.020570312499999945