3 0.4910204081632653 0.012890625 0.6506122448979592 0.02578125
30 0.776734693877551 0.0109375 0.07346938775510205 0.0171875
9 0.20979591836734693 0.035546875 0.04653061224489796 0.009375
5 0.2910204081632653 0.059375 0.21142857142857144 0.021875
5 0.19959183673469388 0.059375 0.009795918367346938 0.009375
32 0.5081632653061224 0.086328125 0.5983673469387755 0.03046875
8 0.7951020408163265 0.088671875 0.022040816326530613 0.0078125
17 0.7016326530612245 0.08828125 0.08897959183673469 0.01796875
4 0.5967346938775511 0.088671875 0.09061224489795919 0.0171875
12 0.5159183673469387 0.088671875 0.04081632653061224 0.009375
11 0.416734693877551 0.088671875 0.031020408163265307 0.0078125
10 0.3028571428571429 0.0890625 0.04979591836734694 0.009375
11 0.7040816326530612 0.12421875 0.031020408163265307 0.009375
11 0.7138775510204082 0.15390625 0.07265306122448979 0.01796875
5 0.4995918367346939 0.21015625 0.5036734693877551 0.021875
5 0.2677551020408163 0.2109375 0.010612244897959184 0.01015625
12 0.45346938775510204 0.463671875 0.04326530612244898 0.00859375
12 0.7114285714285714 0.652734375 0.04163265306122449 0.009375
2 0.010612244897959184 0.22578125 0.02122448979591837 0.075