3 0.8151041666666666 0.5091125198098256 0.027083333333333334 0.9817749603803486
30 0.8161458333333333 0.07923930269413629 0.016666666666666666 0.11489698890649762
9 0.7903645833333334 0.9421553090332805 0.010416666666666666 0.07210776545166403
5 0.7661458333333333 0.8181458003169572 0.0234375 0.3248811410459588
32 0.7385416666666667 0.4845483359746434 0.03229166666666667 0.9128367670364501
8 0.7354166666666667 0.051109350237717906 0.008854166666666666 0.03328050713153724
17 0.7354166666666667 0.1945324881141046 0.017708333333333333 0.13787638668779714
4 0.7361979166666667 0.35380348652931853 0.018229166666666668 0.13787638668779714
12 0.7361979166666667 0.4762282091917591 0.0109375 0.06814580031695722
11 0.7356770833333334 0.6263866877971473 0.010416666666666666 0.05071315372424723
10 0.7364583333333333 0.8007131537242472 0.010416666666666666 0.08082408874801902
5 0.76640625 0.9564183835182251 0.009895833333333333 0.015055467511885896
10 0.6986979166666667 0.20364500792393028 0.011979166666666667 0.07923930269413629
10 0.6697916666666667 0.21236133122028525 0.017708333333333333 0.1862123613312203
5 0.5869791666666667 0.5007923930269413 0.022916666666666665 0.7662440570522979
5 0.5864583333333333 0.8538034865293186 0.010416666666666666 0.015055467511885896