0 0.49947916666666664 0.36172741679873216 0.45625 0.14421553090332806
22 0.5002604166666667 0.6850237717908082 0.6296875 0.419175911251981
26 0.7747395833333334 0.7305863708399366 0.015104166666666667 0.02377179080824089
29 0.7744791666666667 0.7666402535657686 0.0140625 0.022979397781299524
28 0.4934895833333333 0.7305863708399366 0.015104166666666667 0.02456418383518225
27 0.49296875 0.7674326465927099 0.013020833333333334 0.02377179080824089
31 0.53984375 0.840729001584786 0.0484375 0.01347068145800317
17 0.5955729166666667 0.8399366085578447 0.049479166666666664 0.01584786053882726
34 0.64140625 0.8399366085578447 0.03229166666666667 0.01584786053882726
25 0.796875 0.9603803486529319 0.030729166666666665 0.0491283676703645
30 0.7005208333333334 0.9619651347068146 0.09166666666666666 0.03645007923930269