0 0.5908854166666667 0.5007923930269413 0.09479166666666666 0.694136291600634
22 0.37838541666666664 0.49960380348652933 0.2755208333333333 0.9580031695721077
26 0.3484375 0.08201267828843106 0.015625 0.022979397781299524
29 0.32473958333333336 0.08240887480190175 0.015104166666666667 0.021394611727416798
28 0.3484375 0.5099049128367671 0.016145833333333335 0.022979397781299524
27 0.32421875 0.5106973058637084 0.015625 0.019809825673534072
31 0.2760416666666667 0.43938193343898574 0.008854166666666666 0.07369255150554675
17 0.2765625 0.35459587955625993 0.010416666666666666 0.07527733755942947
34 0.2765625 0.28486529318542 0.010416666666666666 0.0491283676703645
25 0.19739583333333333 0.04833597464342314 0.03229166666666667 0.04675118858954041
30 0.19635416666666666 0.1949286846275753 0.023958333333333335 0.13946117274167988