0 0.5006145833333333 0.36185419968304283 0.4561145833333333 0.14408874801901755
22 0.4997552083333333 0.685190174326466 0.6299375 0.4190332805071313
26 0.22534375 0.7304516640253566 0.015041666666666665 0.02374801901743285
29 0.22559895833333332 0.7667591125198099 0.01384895833333335 0.02259112519809843
28 0.5065572916666666 0.7307131537242472 0.015260416666666643 0.024263074484944445
27 0.5070677083333334 0.7672741679873218 0.012875000000000015 0.023629160063391212
31 0.46011979166666667 0.8405705229793979 0.04826562500000004 0.013645007923930471
17 0.40449999999999997 0.8398573692551506 0.04929166666666672 0.01610935023771785
34 0.3585729166666667 0.8398573692551506 0.03228645833333334 0.01610935023771785
25 0.20310416666666667 0.9605309033280508 0.030947916666666644 0.04910459587955646
30 0.29950520833333333 0.9618225039619652 0.09191666666666667 0.03616481774960406