3 0.48385416666666664 0.020602218700475437 0.6651041666666667 0.04120443740095087
30 0.7765625 0.01901743264659271 0.07552083333333333 0.025356576862123614
9 0.209375 0.05824088748019018 0.04739583333333333 0.01584786053882726
5 0.2908854166666667 0.09508716323296355 0.21354166666666666 0.03565768621236133
32 0.51015625 0.13708399366085577 0.6 0.0491283676703645
8 0.7950520833333333 0.14183835182250396 0.021875 0.01347068145800317
17 0.70078125 0.14183835182250396 0.090625 0.02694136291600634
4 0.59609375 0.14064976228209192 0.090625 0.0277337559429477
12 0.515625 0.14064976228209192 0.04479166666666667 0.01664025356576862
11 0.41692708333333334 0.14144215530903329 0.03333333333333333 0.01584786053882726
10 0.30234375 0.14025356576862125 0.053125 0.01584786053882726
5 0.2 0.09469096671949287 0.009895833333333333 0.015055467511885896
10 0.6947916666666667 0.19770206022187004 0.052083333333333336 0.018225039619651346
10 0.6890625 0.24167987321711568 0.12239583333333333 0.02694136291600634
2 0.010416666666666666 0.356973058637084 0.020833333333333332 0.11806656101426308
5 0.49947916666666664 0.3676703645007924 0.5036458333333333 0.03486529318541997
5 0.2674479166666667 0.3684627575277338 0.009895833333333333 0.01584786053882726