3 0.5161145833333334 0.020427892234548335 0.6653177083333333 0.04084786053882725
30 0.22352083333333334 0.018993660855784467 0.07542708333333335 0.025110935023771788
9 0.7907135416666667 0.05805071315372425 0.0474999999999999 0.01561806656101427
5 0.7091510416666666 0.09515847860538827 0.21344270833333331 0.03583201267828841
32 0.48996875 0.13725832012678288 0.6000989583333334 0.04887480190174327
8 0.20507291666666666 0.1419968304278922 0.022078124999999994 0.013652931854199697
17 0.2991979166666667 0.14164025356576862 0.09045833333333336 0.027242472266244055
4 0.40390625 0.14083993660855784 0.09067708333333328 0.027416798732171174
12 0.48428645833333334 0.14065768621236133 0.044604166666666716 0.0163312202852615
11 0.5831197916666666 0.1414580031695721 0.03307291666666667 0.016148969889064974
10 0.6976979166666666 0.1403011093502377 0.053031250000000085 0.015618066561014247
5 0.8001145833333333 0.09461172741679874 0.009890624999999886 0.015419968304278907
10 0.30525 0.19776545166402534 0.05203125000000005 0.017908082408874818
10 0.3110104166666667 0.24174326465927098 0.1223020833333333 0.02718700475435821
2 0.9895833333333334 0.356973058637084 0.020833333333333332 0.11806656101426308
5 0.5004322916666667 0.3677258320126783 0.5038333333333332 0.034690966719492844
5 0.7325104166666667 0.36841521394611726 0.009734375000000028 0.016053882725832004