12 0.3438431061806656 0.17210937499999995 0.04206022187004758 0.009156249999999843
12 0.601378763866878 0.17184375000000002 0.04151347068145808 0.008617187500000156
12 0.34301901743264657 0.4610312499999999 0.04151347068145799 0.008617187500000156
12 0.6008320126782885 0.49065624999999996 0.04260697305863707 0.008617187500000156
0 0.49978605388272584 0.60078125 0.4566323296354992 0.08885937499999982
22 0.49966719492868467 0.80309375 0.6298177496038037 0.25749218750000014
25 0.2033201267828843 0.974609375 0.03194136291600638 0.030218750000000228
30 0.29872424722662444 0.9741875 0.09324088748019015 0.022554687499999913
31 0.5085182250396196 0.8958749999999999 0.049207606973058565 0.009789062499999801
17 0.4528288431061807 0.8960859374999999 0.05007131537242476 0.010210937499999772
34 0.4068541996830428 0.8960859374999999 0.03151347068145799 0.009367187499999829
26 0.2251188589540412 0.8386328124999999 0.01424722662440572 0.015320312499999744
29 0.5063629160063391 0.838203125 0.014675118858954027 0.015320312499999744
33 0.27692551505546753 0.8048906250000002 0.11885895404120443 0.01014843749999983
19 0.25280507131537244 0.7931718750000002 0.06989698890649765 0.007695312500000284
23 0.25280507131537244 0.7368515625000001 0.06989698890649765 0.009093750000000256