3 0.4829635499207607 0.01328125 0.6648177496038035 0.0265625
30 0.7769413629160064 0.012890625 0.07527733755942947 0.0171875
9 0.2091917591125198 0.03671875 0.04675118858954041 0.009375
5 0.2908082408874802 0.060546875 0.21315372424722662 0.02265625
5 0.19968304278922344 0.0609375 0.011885895404120444 0.0109375
32 0.5091125198098256 0.088671875 0.5998415213946118 0.0296875
8 0.7951664025356577 0.091015625 0.022979397781299524 0.00859375
17 0.7016640253565769 0.091796875 0.08874801901743265 0.01796875
4 0.5962757527733756 0.091015625 0.08874801901743265 0.01953125
12 0.5162440570522979 0.091015625 0.043581616481774964 0.01171875
11 0.4164025356576862 0.091796875 0.03248811410459588 0.01328125
10 0.3019017432646593 0.0921875 0.0491283676703645 0.01015625
1 0.5 0.230078125 1 0.2515625
2 0.010301109350237718 0.231640625 0.020602218700475437 0.0765625
16 0.626782884310618 0.9484375 0.04992076069730586 0.0203125