3 0.5168700475435816 0.0132890625 0.6651347068145801 0.026578125
30 0.22309033280507135 0.012750000000000001 0.07537242472266245 0.016812499999999998
9 0.7908478605388273 0.0368828125 0.04676703645007922 0.009765625
5 0.7092551505546751 0.0606328125 0.2129793977812995 0.0222890625
5 0.8001505546751189 0.061078125000000004 0.012210776545166467 0.01070312499999999
32 0.4908478605388273 0.08871875 0.6000554675118859 0.029421874999999976
8 0.20484152139461173 0.091171875 0.022606973058637063 0.008468750000000002
17 0.298217115689382 0.0916171875 0.08908082408874798 0.018281250000000006
4 0.40358161648177493 0.091171875 0.08908082408874798 0.019171874999999994
12 0.48361331220285264 0.091171875 0.043858954041204365 0.012039062499999998
11 0.5835499207606973 0.09184375 0.03210776545166401 0.013375000000000003
10 0.6979556259904913 0.09228906249999999 0.04928684627575281 0.00980468750000001
1 0.5 0.23010156249999997 1 0.25175000000000003
2 0.9898494453248812 0.2318046875 0.020301109350237632 0.07654687500000001
16 0.37320919175911255 0.9485234374999999 0.049762282091917555 0.020445312500000055