3 0.9900950871632329 0.483203125 0.019809825673534072 0.65546875
30 0.992472266244057 0.773046875 0.015055467511885896 0.07421875
9 0.9698890649762282 0.21328125 0.009508716323296355 0.04609375
5 0.9457210776545166 0.29375 0.022979397781299524 0.21015625
5 0.945324881141046 0.20390625 0.011093502377179081 0.01171875
32 0.9171949286846276 0.508984375 0.030110935023771792 0.59140625
8 0.9148177496038035 0.791015625 0.008716323296354992 0.02265625
17 0.9140253565768621 0.698828125 0.018225039619651346 0.0875
4 0.9148177496038035 0.594921875 0.019809825673534072 0.0875
12 0.9148177496038035 0.516015625 0.011885895404120444 0.04296875
11 0.9140253565768621 0.417578125 0.01347068145800317 0.03203125
10 0.9136291600633915 0.3046875 0.010301109350237718 0.0484375
1 0.7737717908082409 0.5 0.2551505546751189 0.9859375
2 0.7721870047543582 0.0171875 0.07765451664025357 0.0203125
16 0.045166402535657686 0.625 0.020602218700475437 0.04921875