12 0.8324088748019017 0.65390625 0.009508716323296355 0.04140625
12 0.8328050713153724 0.4 0.008716323296354992 0.040625
12 0.5396196513470681 0.6546875 0.008716323296354992 0.040625
12 0.5095087163232963 0.40078125 0.008716323296354992 0.0421875
0 0.3977812995245642 0.500390625 0.09033280507131537 0.45
22 0.19255150554675118 0.500390625 0.26148969889064977 0.62109375
25 0.01862123613312203 0.792578125 0.030903328050713153 0.03125
30 0.01901743264659271 0.6984375 0.022979397781299524 0.0921875
31 0.09865293185419968 0.49140625 0.010301109350237718 0.0484375
17 0.098256735340729 0.546484375 0.010301109350237718 0.04921875
34 0.098256735340729 0.591796875 0.009508716323296355 0.03125
26 0.15649762282091917 0.77109375 0.01584786053882726 0.0140625
29 0.15689381933438987 0.49375 0.01584786053882726 0.01484375
33 0.19057052297939778 0.719921875 0.010301109350237718 0.1171875
19 0.20245641838351822 0.74375 0.00792393026941363 0.06875
23 0.25990491283676703 0.74375 0.009508716323296355 0.06875