12 0.6561014263074485 0.172265625 0.041996830427892234 0.009375
12 0.39857369255150554 0.171875 0.04120443740095087 0.00859375
12 0.6568938193343898 0.4609375 0.04120443740095087 0.00859375
12 0.3993660855784469 0.490625 0.042789223454833596 0.00859375
0 0.5003961965134707 0.60078125 0.45641838351822506 0.0890625
22 0.5003961965134707 0.803125 0.6299524564183835 0.2578125
25 0.7967511885895404 0.974609375 0.03169572107765452 0.03046875
30 0.7012678288431062 0.97421875 0.09350237717908082 0.02265625
31 0.49128367670364503 0.895703125 0.0491283676703645 0.01015625
17 0.5471473851030111 0.89609375 0.04992076069730586 0.01015625
34 0.5931061806656102 0.89609375 0.03169572107765452 0.009375
26 0.7749603803486529 0.838671875 0.014263074484944533 0.015625
29 0.4936608557844691 0.83828125 0.015055467511885896 0.015625
33 0.7230586370839936 0.805078125 0.11885895404120443 0.01015625
19 0.7472266244057052 0.793359375 0.06973058637083994 0.0078125
23 0.7472266244057052 0.73671875 0.06973058637083994 0.009375