3 0.5427083333333333 0.97808105872622 0.7135416666666666 0.0413564929693962
30 0.2234375 0.9809760132340778 0.0734375 0.028949545078577336
9 0.7911458333333333 0.9412737799834574 0.04635416666666667 0.01488833746898263
5 0.7091145833333333 0.901571546732837 0.21302083333333333 0.036393713813068655
5 0.8002604166666667 0.9007444168734491 0.009375 0.01902398676592225
32 0.4934895833333333 0.8577336641852771 0.6 0.050454921422663356
8 0.2046875 0.8515301902398676 0.022395833333333334 0.01488833746898263
17 0.29921875 0.8523573200992556 0.09010416666666667 0.03143093465674111
4 0.40390625 0.8523573200992556 0.09114583333333333 0.028949545078577336
12 0.48515625 0.8515301902398676 0.04375 0.016542597187758478
11 0.5830729166666667 0.8531844499586435 0.033854166666666664 0.017369727047146403
10 0.6984375 0.8523573200992556 0.049479166666666664 0.015715467328370553
10 0.30546875 0.7932175351530191 0.05260416666666667 0.016542597187758478
10 0.3109375 0.7452440033085195 0.12447916666666667 0.026468155500413565
5 0.5010416666666667 0.6505376344086021 0.5057291666666667 0.03970223325062035
5 0.7322916666666667 0.6505376344086021 0.017708333333333333 0.02977667493796526
2 0.9890625 0.6261373035566584 0.021875 0.12324234904880066