3 0.19895833333333332 0.49917287014061207 0.026041666666666668 0.9983457402812241
30 0.19713541666666667 0.9392059553349876 0.018229166666666668 0.11662531017369727
9 0.22213541666666667 0.03763440860215054 0.009375 0.07361455748552523
5 0.246875 0.16832092638544252 0.022916666666666665 0.33664185277088504
5 0.24765625 0.02315963606286187 0.011979166666666667 0.01488833746898263
32 0.2747395833333333 0.5103391232423491 0.03177083333333333 0.9528535980148883
8 0.2786458333333333 0.9689826302729528 0.009375 0.03556658395368073
17 0.278125 0.8188585607940446 0.019791666666666666 0.14309346567411083
4 0.278125 0.652605459057072 0.018229166666666668 0.1447477253928867
12 0.2786458333333333 0.5235732009925558 0.010416666666666666 0.06947890818858561
11 0.27760416666666665 0.3680727874276261 0.0109375 0.053763440860215055
10 0.278125 0.184863523573201 0.009895833333333333 0.07857733664185278
10 0.31536458333333334 0.8089330024813896 0.010416666666666666 0.08354011579818031
10 0.3455729166666667 0.8002481389578163 0.016666666666666666 0.19768403639371382
5 0.40520833333333334 0.49834574028122414 0.025 0.8031430934656741
5 0.40520833333333334 0.13110008271298593 0.01875 0.028122415219189414