0 0.49921875 0.6435070306038048 0.45364583333333336 0.14640198511166252
22 0.5 0.3184449958643507 0.6296875 0.4152191894127378
21 0.23515625 0.44334160463192723 0.035416666666666666 0.011579818031430935
23 0.253125 0.42473118279569894 0.0703125 0.010752688172043012
19 0.25286458333333334 0.3337468982630273 0.06927083333333334 0.014061207609594707
33 0.27786458333333336 0.31555004135649295 0.1203125 0.014061207609594707
26 0.22526041666666666 0.26054590570719605 0.015104166666666667 0.02315963606286187
29 0.5067708333333333 0.2597187758478081 0.014583333333333334 0.023986765922249794
31 0.5080729166666667 0.16790736145574855 0.0484375 0.014061207609594707
17 0.45286458333333335 0.16708023159636062 0.0484375 0.014061207609594707
34 0.40677083333333336 0.1674937965260546 0.030729166666666665 0.013234077750206782
25 0.20338541666666668 0.0413564929693962 0.030208333333333334 0.04880066170388751
30 0.29921875 0.041770057899090156 0.09166666666666666 0.03143093465674111