0 0.499328125 0.3564846980976013 0.4537447916666667 0.14631927212572382
22 0.4999166666666667 0.6817452440033085 0.6296302083333334 0.4152688172043014
21 0.23521354166666666 0.5566501240694789 0.03560416666666667 0.011770057899090173
23 0.25321354166666665 0.5752109181141439 0.07029687500000001 0.010421836228287766
19 0.2528229166666666 0.6662861869313482 0.06951041666666669 0.013763440860214948
33 0.277796875 0.6842762613730355 0.12010937499999995 0.014392059553349951
26 0.225296875 0.7394871794871795 0.015114583333333324 0.0229197684036394
29 0.5068177083333334 0.7403722084367247 0.014484374999999971 0.023647642679900865
31 0.508125 0.8321836228287842 0.04852604166666671 0.013904052936311332
17 0.45284375000000004 0.832861869313482 0.0485989583333333 0.014210090984284773
34 0.40685416666666663 0.8324483043837881 0.03060416666666666 0.01338296112489685
25 0.20350000000000001 0.9587096774193548 0.030437500000000027 0.04861869313482196
30 0.299171875 0.9580314309346569 0.09150000000000004 0.03167080231596358