0 0.40963541666666664 0.5012406947890818 0.0921875 0.7204301075268817
22 0.6143229166666667 0.5 0.26145833333333335 1
21 0.5356770833333333 0.9205955334987593 0.007291666666666667 0.05624483043837883
23 0.5473958333333333 0.892059553349876 0.0067708333333333336 0.11166253101736973
19 0.6046875 0.8924731182795699 0.008854166666666666 0.11000827129859388
33 0.6161458333333333 0.8527708850289496 0.008854166666666666 0.19106699751861042
26 0.65078125 0.9363110008271298 0.014583333333333334 0.023986765922249794
29 0.6513020833333333 0.489247311827957 0.015104166666666667 0.02315963606286187
31 0.7091145833333333 0.48717948717948717 0.008854166666666666 0.07692307692307693
17 0.7096354166666666 0.5748552522746071 0.008854166666666666 0.07692307692307693
34 0.709375 0.6480562448304383 0.008333333333333333 0.04880066170388751
25 0.7888020833333333 0.9710504549214226 0.030729166666666665 0.04797353184449959
30 0.7885416666666667 0.8188585607940446 0.019791666666666666 0.14557485525227462