3 0.5426510416666667 0.021902398676592223 0.7132916666666667 0.04165425971877585
30 0.22340104166666666 0.019032258064516132 0.07366666666666663 0.028734491315136477
9 0.7911510416666666 0.058875103391232426 0.04635416666666667 0.015103391232423482
5 0.7090572916666668 0.0983622828784119 0.21326041666666667 0.03665012406947891
5 0.80025 0.09935483870967743 0.009177083333333277 0.01888337468982629
32 0.4934479166666667 0.14224979321753514 0.6001927083333333 0.05084367245657566
8 0.20464583333333333 0.14861869313482218 0.02259375 0.015128205128205145
17 0.29933333333333334 0.1477253928866832 0.08992708333333338 0.031282051282051276
4 0.40396875 0.1474524400330852 0.091265625 0.028949545078577336
12 0.4852135416666667 0.14852770885028949 0.04357291666666671 0.01674110835401159
11 0.5831822916666667 0.14691480562448306 0.03384375000000001 0.01710504549214227
10 0.698328125 0.14781637717121587 0.04941666666666673 0.015310173697270463
10 0.30543750000000003 0.20675765095119936 0.05241145833333339 0.016559139784946223
10 0.31097395833333336 0.25486352357320097 0.12449999999999999 0.026625310173697316
5 0.5009635416666667 0.3494292803970223 0.5056145833333333 0.03987593052109184
5 0.7322239583333333 0.3496112489660877 0.017776041666666725 0.029470636889991724
2 0.9890885416666666 0.3737551695616212 0.021822916666666713 0.12348221670802313