3 0.47109375 0.9673366834170855 0.6890625 0.06155778894472362
9 0.20911458333333333 0.9089195979899497 0.04739583333333333 0.02135678391959799
32 0.5078125 0.7832914572864321 0.5989583333333334 0.0728643216080402
8 0.7953125 0.7751256281407035 0.022916666666666665 0.018844221105527637
4 0.5966145833333333 0.7782663316582915 0.090625 0.04020100502512563
12 0.5169270833333334 0.7751256281407035 0.04375 0.02763819095477387
11 0.41640625 0.7757537688442211 0.03229166666666667 0.02386934673366834
10 0.303125 0.7751256281407035 0.051041666666666666 0.03015075376884422
16 0.6026041666666667 0.5100502512562815 0.10989583333333333 0.03391959798994975
10 0.6200520833333333 0.23115577889447236 0.07395833333333333 0.02763819095477387
0 0.5002604166666667 0.00628140703517588 0.45260416666666664 0.01256281407035176
2 0.010677083333333334 0.4321608040201005 0.021354166666666667 0.18341708542713567