0 0.49973958333333335 0.06658291457286432 0.45260416666666664 0.13316582914572864
22 0.4998385416666667 0.51893216080402 0.6289374999999999 0.6255778894472362
21 0.23511979166666666 0.3302010050251255 0.03507812500000001 0.022110552763818982
23 0.25238020833333336 0.35953517587939704 0.0704114583333333 0.021721105527638146
19 0.253359375 0.4956783919597989 0.07236979166666663 0.020376884422110303
33 0.27682291666666664 0.5253140703517589 0.12010937500000006 0.022562814070351805
26 0.22541145833333334 0.607788944723618 0.01402604166666664 0.03396984924623111
29 0.5070833333333333 0.6074999999999999 0.013416666666666662 0.034560301507537965
31 0.5079375 0.7472864321608039 0.05021875000000004 0.027512562814070465
34 0.4069895833333333 0.7491331658291457 0.032770833333333374 0.02528894472361823
25 0.203296875 0.9410050251256281 0.03018750000000002 0.07634422110552762