3 0.5290260416666667 0.03239949748743719 0.6892968749999999 0.061570351758793974
9 0.7908385416666667 0.09134422110552763 0.04722395833333337 0.021030150753768857
32 0.492234375 0.21678391959798995 0.5990156249999999 0.07316582914572865
8 0.2046302083333333 0.22457286432160803 0.022703125000000015 0.01891959798994975
4 0.40346354166666665 0.22162060301507538 0.09080729166666662 0.039861809045226154
12 0.48301041666666666 0.22469849246231158 0.04392708333333329 0.027236180904522622
11 0.5835989583333333 0.2242964824120603 0.032447916666666764 0.023743718592964796
10 0.696875 0.22457286432160803 0.05080208333333332 0.02966080402010052
16 0.397453125 0.4898743718592965 0.1099583333333334 0.03391959798994975
10 0.3799166666666667 0.7689195979899497 0.07377604166666671 0.028052763819095387
0 0.49973958333333335 0.9937185929648241 0.45260416666666664 0.01256281407035176
2 0.989328125 0.5675753768844222 0.02133854166666656 0.1829396984924623