0 0.5002604166666667 0.9334170854271356 0.45260416666666664 0.13316582914572864
22 0.5002604166666667 0.48115577889447236 0.6291666666666667 0.6256281407035176
21 0.76484375 0.6695979899497487 0.034895833333333334 0.022613065326633167
23 0.74765625 0.6407035175879398 0.0703125 0.02135678391959799
19 0.7466145833333333 0.5043969849246231 0.07239583333333334 0.020100502512562814
33 0.7231770833333333 0.4748743718592965 0.1203125 0.022613065326633167
26 0.7744791666666667 0.39195979899497485 0.0140625 0.03391959798994975
29 0.49296875 0.3925879396984925 0.013541666666666667 0.035175879396984924
31 0.4921875 0.25251256281407036 0.05 0.02763819095477387
34 0.59296875 0.2506281407035176 0.0328125 0.02512562814070352
25 0.7966145833333333 0.059045226130653265 0.030208333333333334 0.07663316582914573