3 0.530209617755857 0.99140625 0.6917385943279901 0.0171875
30 0.22256473489519113 0.9921875 0.07274969173859433 0.01015625
9 0.7903822441430333 0.97578125 0.04808877928483354 0.00625
5 0.7090012330456227 0.960546875 0.21331689272503082 0.015625
5 0.7996300863131935 0.9609375 0.01726263871763255 0.0109375
32 0.4919852034525277 0.943359375 0.6029593094944513 0.01875
8 0.20468557336621454 0.94140625 0.02342786683107275 0.00546875
17 0.29839704069050554 0.941796875 0.09001233045622688 0.01171875
4 0.40258939580764486 0.94140625 0.09124537607891492 0.0109375
12 0.4845869297163995 0.94140625 0.04192355117139334 0.00703125
11 0.5838471023427867 0.94140625 0.032059186189889025 0.00546875
10 0.6979038224414303 0.941015625 0.051787916152897656 0.00625
1 0.5 0.852734375 1 0.1609375
2 0.9895191122071517 0.8515625 0.02096177558569667 0.0484375
12 0.2879161528976572 0.203125 0.040690505548705305 0.0046875
12 0.5462392108508015 0.197265625 0.040690505548705305 0.00703125