16 0.3745745992601726 0.45701562500000004 0.04937114673242905 0.013687499999999986
0 0.49985203452527743 0.721125 0.45664611590628845 0.057085937499999774
22 0.49985203452527743 0.8621328125000002 0.6314673242909989 0.18800000000000025
26 0.2257459926017263 0.8880468749999999 0.014586929716399487 0.009507812500000056
29 0.22532675709001235 0.9037656250000001 0.014586929716399487 0.009773437500000171
28 0.5065228113440198 0.8880468749999999 0.014180024660912454 0.01056250000000034
31 0.45898890258939584 0.9330859374999999 0.049198520345252746 0.0066015624999998575
17 0.40437731196054255 0.93321875 0.05002466091245382 0.005812499999999688
34 0.35810110974106046 0.9330859374999999 0.03168927250308267 0.006078124999999801
25 0.20344019728729965 0.9835312500000001 0.030850801479654726 0.019812499999999744
30 0.2984956843403206 0.9839296874999999 0.09255240443896424 0.013734374999999943
21 0.23595561035758325 0.8018046875 0.03585696670776817 0.0050156250000000565
23 0.25242909987669543 0.8086718749999999 0.06961775585696668 0.005546875000000284
20 0.2532552404438964 0.8449921875000002 0.07212083847102344 0.00528125000000017
19 0.2513810110974106 0.8596562500000001 0.07003699136868065 0.0066015624999998575
33 0.2766091245376079 0.8670468750000001 0.1196424167694205 0.007132812500000085