16 0.374845869297164 0.54296875 0.04932182490752158 0.0140625
0 0.5 0.27890625 0.4562268803945746 0.05703125
22 0.5 0.137890625 0.6313193588162762 0.18828125
26 0.22564734895191121 0.112109375 0.014796547472256474 0.009375
29 0.22503082614056721 0.09609375 0.014796547472256474 0.01015625
28 0.5067817509247842 0.112109375 0.014796547472256474 0.0109375
31 0.45869297163995065 0.066796875 0.04932182490752158 0.00625
17 0.40443896424167697 0.066796875 0.05055487053020962 0.00546875
34 0.35819975339087545 0.066796875 0.032059186189889025 0.00625
25 0.2034525277435265 0.01640625 0.030826140567200986 0.01953125
30 0.29839704069050554 0.016015625 0.09247842170160296 0.0140625
21 0.23612823674475955 0.198046875 0.035758323057953144 0.0046875
23 0.2521578298397041 0.19140625 0.0690505548705302 0.00546875
20 0.2533908754623921 0.155078125 0.07151664611590629 0.00546875
19 0.25154130702836003 0.140234375 0.07028360049321825 0.00625
33 0.27681874229346487 0.1328125 0.11960542540073983 0.00703125