3 0.5304438964241677 0.00846875 0.6919235511713933 0.0169375
30 0.2227127003699137 0.0079609375 0.07325524044389639 0.0105
9 0.7905795314426634 0.0242265625 0.04759556103575821 0.006437500000000001
5 0.7092971639950678 0.039468750000000004 0.21335388409371142 0.015242187500000004
5 0.7994081381011098 0.0389609375 0.017114673242910123 0.010843749999999996
32 0.4922441430332921 0.05680468749999999 0.6029963008631319 0.018937500000000006
8 0.20480887792848335 0.0586171875 0.023736128236744758 0.005851562500000007
17 0.29819975339087545 0.058335937500000004 0.09009864364981504 0.01197656250000001
4 0.4027990135635019 0.05875781249999999 0.09184956843403207 0.011140624999999993
12 0.4845499383477189 0.05875781249999999 0.04175092478421703 0.0066796875000000085
11 0.5836498150431566 0.05875781249999999 0.03163995067817505 0.005570312499999996
10 0.6981381011097412 0.059171875 0.0514180024660913 0.006406249999999991
1 0.500308261405672 0.14739843749999998 0.9993834771886559 0.1610859375
2 0.9895191122071517 0.1484375 0.02096177558569667 0.0484375
12 0.2881874229346486 0.796828125 0.04072749691738598 0.004695312499999993
12 0.5461282367447596 0.8028906250000001 0.04072749691738591 0.006648437500000171