0 0.49947916666666664 0.0539906103286385 0.45208333333333334 0.107981220657277
22 0.4996458333333334 0.5123826291079812 0.62990625 0.6622065727699533
21 0.23506770833333332 0.29404929577464783 0.03641145833333332 0.022570422535211288
23 0.25293229166666664 0.32048122065727697 0.07114583333333328 0.019671361502347676
20 0.2540677083333333 0.4479694835680752 0.07441145833333333 0.01815727699530493
19 0.2525833333333333 0.49983568075117357 0.06946354166666667 0.021514084507042168
33 0.27702604166666667 0.5286150234741785 0.12033333333333332 0.021079812206572814
26 0.22502083333333334 0.6011971830985916 0.015333333333333362 0.03463615023474204
29 0.22536979166666665 0.6557394366197183 0.013057291666666693 0.03443661971831003
28 0.5067968749999999 0.6010915492957748 0.01469791666666668 0.03664319248826268
31 0.4595364583333333 0.7634859154929577 0.049838541666666694 0.022417840375586747
17 0.4038125 0.7627112676056337 0.05123437500000006 0.018626760563380154
34 0.358734375 0.7634859154929577 0.03134375000000003 0.022417840375586747
25 0.20260416666666667 0.9423708920187794 0.030874999999999986 0.06791079812206588