0 0.49947916666666664 0.9460093896713615 0.45208333333333334 0.107981220657277
22 0.49973958333333335 0.4876760563380282 0.6296875 0.6619718309859155
21 0.23515625 0.7059859154929577 0.036458333333333336 0.022300469483568074
23 0.25286458333333334 0.6795774647887324 0.07135416666666666 0.01995305164319249
20 0.25416666666666665 0.5522300469483568 0.07447916666666667 0.017605633802816902
19 0.2526041666666667 0.5 0.06927083333333334 0.02112676056338028
33 0.27708333333333335 0.47124413145539906 0.1203125 0.02112676056338028
26 0.225 0.39906103286384975 0.015104166666666667 0.035211267605633804
29 0.22526041666666666 0.3444835680751174 0.013020833333333334 0.03403755868544601
28 0.5067708333333333 0.39906103286384975 0.014583333333333334 0.036384976525821594
31 0.4596354166666667 0.23650234741784038 0.05 0.022300469483568074
17 0.40390625 0.23708920187793428 0.051041666666666666 0.018779342723004695
34 0.35885416666666664 0.23650234741784038 0.03125 0.022300469483568074
25 0.20260416666666667 0.057511737089201875 0.030729166666666665 0.06807511737089202