3 0.5098958333333333 0.9706572769953051 0.6515625 0.056338028169014086
9 0.7911458333333333 0.9137323943661971 0.046875 0.022300469483568074
30 0.7091145833333333 0.8609154929577465 0.2125 0.0528169014084507
32 0.49166666666666664 0.7969483568075117 0.5973958333333333 0.06924882629107981
8 0.20520833333333333 0.7910798122065728 0.020833333333333332 0.017605633802816902
17 0.2994791666666667 0.7910798122065728 0.090625 0.04460093896713615
4 0.4036458333333333 0.7922535211267606 0.09114583333333333 0.04225352112676056
12 0.48411458333333335 0.7893192488262911 0.044270833333333336 0.02112676056338028
11 0.5833333333333334 0.7904929577464789 0.03177083333333333 0.025821596244131457
10 0.6979166666666666 0.7910798122065728 0.050520833333333334 0.023474178403755867
10 0.38125 0.5434272300469484 0.07447916666666667 0.029342723004694836
16 0.39609375 0.2793427230046948 0.10885416666666667 0.03169014084507042
0 0.49947916666666664 0.03286384976525822 0.45208333333333334 0.06572769953051644
2 0.9895833333333334 0.4688967136150235 0.020833333333333332 0.17488262910798122