3 0.5098958333333333 0.029342723004694836 0.6515625 0.056338028169014086
9 0.7911458333333333 0.08626760563380281 0.046875 0.022300469483568074
30 0.7091145833333333 0.13908450704225353 0.2125 0.0528169014084507
32 0.49166666666666664 0.20305164319248825 0.5973958333333333 0.06924882629107981
8 0.20520833333333333 0.20892018779342722 0.020833333333333332 0.017605633802816902
17 0.2994791666666667 0.20892018779342722 0.090625 0.04460093896713615
4 0.4036458333333333 0.20774647887323944 0.09114583333333333 0.04225352112676056
12 0.48411458333333335 0.2106807511737089 0.044270833333333336 0.02112676056338028
11 0.5833333333333334 0.20950704225352113 0.03177083333333333 0.025821596244131457
10 0.6979166666666666 0.20892018779342722 0.050520833333333334 0.023474178403755867
10 0.38125 0.4565727699530516 0.07447916666666667 0.029342723004694836
16 0.39609375 0.7206572769953051 0.10885416666666667 0.03051643192488263
0 0.49947916666666664 0.9671361502347418 0.45208333333333334 0.06572769953051644
2 0.9895833333333334 0.5311032863849765 0.020833333333333332 0.17488262910798122