3 0.509890625 0.029237089201877935 0.6513802083333334 0.0557981220657277
9 0.791140625 0.0861150234741784 0.04692187500000008 0.022347417840375576
30 0.7091354166666667 0.1389906103286385 0.21251562499999987 0.05225352112676058
32 0.49178125 0.20301643192488264 0.5973489583333335 0.06879107981220658
8 0.20513020833333334 0.20881455399061033 0.021072916666666684 0.017922535211267583
17 0.29934895833333336 0.20881455399061033 0.09073958333333335 0.04469483568075115
4 0.4035625 0.20747652582159626 0.09131770833333329 0.042018779342723016
12 0.48403125 0.21093896713615023 0.04439062500000001 0.020821596244131466
11 0.5832499999999999 0.20937793427230045 0.03201041666666669 0.02572769953051645
10 0.6980052083333333 0.2087089201877934 0.050302083333333296 0.023497652582159603
10 0.38119791666666664 0.45650234741784035 0.07429687500000005 0.029272300469483634
16 0.3959947916666666 0.7206103286384977 0.10883333333333335 0.031103286384976527
0 0.49947916666666664 0.9671361502347418 0.45208333333333334 0.06572769953051644
2 0.989484375 0.5309037558685445 0.021031250000000057 0.17488262910798122