3 0.5302901023890785 0.0125 0.6902730375426621 0.025
30 0.22312286689419794 0.011328125 0.07508532423208192 0.0171875
9 0.7909556313993175 0.034765625 0.04778156996587031 0.00859375
5 0.7086177474402731 0.05625 0.21331058020477817 0.02109375
5 0.8003412969283277 0.056640625 0.015358361774744027 0.0171875
32 0.49146757679180886 0.08203125 0.5998293515358362 0.02578125
8 0.2052047781569966 0.084765625 0.02303754266211604 0.00703125
17 0.2986348122866894 0.084375 0.09129692832764505 0.0171875
4 0.4023037542662116 0.084765625 0.09044368600682594 0.01796875
12 0.4833617747440273 0.085546875 0.04436860068259386 0.01015625
11 0.5840443686006825 0.085546875 0.031569965870307165 0.009375
10 0.697098976109215 0.084765625 0.052901023890784986 0.009375
11 0.2960750853242321 0.119140625 0.033276450511945395 0.009375
11 0.28498293515358364 0.146875 0.07252559726962457 0.015625
5 0.5004266211604096 0.201953125 0.5059726962457338 0.02265625
5 0.7320819112627986 0.201171875 0.016211604095563138 0.01640625
2 0.9897610921501706 0.215625 0.020477815699658702 0.071875
12 0.2879692832764505 0.95859375 0.042662116040955635 0.01015625