3 0.5303327645051195 0.0125390625 0.68990614334471 0.025078125
30 0.22303754266211603 0.011328125 0.07530716723549487 0.016875
9 0.7910238907849829 0.03471875 0.047397610921501666 0.0086796875
5 0.7086006825938567 0.056421874999999996 0.2132935153583618 0.021218749999999998
5 0.8002389078498293 0.05665625 0.015273037542662194 0.016874999999999994
32 0.4916211604095563 0.0819765625 0.5998464163822526 0.026039062499999988
8 0.20512798634812288 0.08462499999999999 0.022645051194539266 0.0072343749999999925
17 0.2986092150170649 0.0843828125 0.09163822525597268 0.017359375
4 0.40235494880546074 0.08462499999999999 0.09058020477815697 0.017843750000000002
12 0.4834556313993174 0.08559375 0.044240614334470914 0.010125000000000006
11 0.5840529010238907 0.08559375 0.03159556313993172 0.009164062499999992
10 0.697278156996587 0.0848671875 0.05266211604095566 0.009640625000000003
11 0.2962372013651877 0.119109375 0.03318259385665528 0.00964062499999998
11 0.2849146757679181 0.14683593749999999 0.07267918088737198 0.015914062500000003
5 0.500315699658703 0.2018046875 0.505580204778157 0.02266406249999999
5 0.7322952218430034 0.201078125 0.016322525597269717 0.01639843750000001
2 0.9895733788395904 0.21554687499999997 0.02084470989761078 0.07151562499999997
12 0.2881740614334471 0.9584374999999999 0.042798634812286664 0.009796874999999972