12 0.5470989761092151 0.03485156249999992 0.04137372013651878 0.009796874999999972
12 0.289240614334471 0.37642968749999994 0.04208191126279868 0.008492187499999915
12 0.5463822525597269 0.4907265625000001 0.04137372013651878 0.008492187499999915
0 0.49895051194539247 0.5981562500000001 0.4557935153583618 0.08751562499999999
22 0.49946245733788397 0.8014062500000001 0.6302474402730375 0.2725312500000001
21 0.23592150170648465 0.7139140625 0.03663822525597274 0.008773437499999658
23 0.25170648464163825 0.7245000000000001 0.07159556313993172 0.009289062500000255
20 0.2533959044368601 0.7758593749999999 0.07272184300341299 0.009804687500000141
19 0.25283276450511943 0.7970156249999999 0.06933447098976109 0.007742187499999886
33 0.2763566552901024 0.8076718750000002 0.1219112627986348 0.009703125000000057
26 0.22507679180887374 0.8379999999999999 0.01523037542662118 0.013250000000000029
29 0.22583617747440274 0.859796875 0.01523037542662118 0.01289843750000017
28 0.5065102389078499 0.8385234374999999 0.01599829351535836 0.014296875000000143
17 0.4042576791808874 0.9037343750000002 0.050648464163822536 0.008023437500000341
34 0.3585580204778157 0.9035546875000001 0.031612627986348084 0.007671874999999773
31 0.4596672354948806 0.9035546875000001 0.048745733788396 0.007671874999999773
25 0.2031740614334471 0.9762578125000001 0.030844709897610904 0.028945312500000143
30 0.29876279863481225 0.9764375000000001 0.09178327645051189 0.01813281250000003