12 0.5469283276450512 0.034765625 0.040955631399317405 0.01015625
12 0.28924914675767915 0.3765625 0.041808873720136516 0.00859375
12 0.5465017064846417 0.490625 0.040955631399317405 0.00859375
0 0.4991467576791809 0.598046875 0.45563139931740615 0.0875
22 0.49957337883959047 0.8015625 0.6305460750853242 0.27265625
21 0.23592150170648465 0.7140625 0.03668941979522184 0.00859375
23 0.25170648464163825 0.724609375 0.07167235494880546 0.009375
20 0.25341296928327645 0.77578125 0.07252559726962457 0.01015625
19 0.2529863481228669 0.796875 0.06911262798634812 0.0078125
33 0.2764505119453925 0.8078125 0.1220136518771331 0.009375
26 0.22525597269624573 0.837890625 0.015358361774744027 0.01328125
29 0.2256825938566553 0.859765625 0.015358361774744027 0.01328125
28 0.5063993174061433 0.838671875 0.016211604095563138 0.0140625
17 0.4044368600682594 0.90390625 0.050341296928327645 0.0078125
34 0.3583617747440273 0.903515625 0.031569965870307165 0.0078125
31 0.45947098976109213 0.903515625 0.04863481228668942 0.0078125
25 0.2030716723549488 0.976171875 0.030716723549488054 0.02890625
30 0.2986348122866894 0.9765625 0.09215017064846416 0.01796875