33 0.5008583690987124 0.41953125 0.15450643776824036 0.0125
34 0.6433476394849785 0.49453125 0.13733905579399142 0.0109375
22 0.5291845493562232 0.7640625 0.6463519313304721 0.4109375
33 0.29012875536480687 0.668359375 0.12188841201716738 0.01171875
20 0.29227467811158797 0.787109375 0.1296137339055794 0.0109375
20 0.2793991416309013 0.818359375 0.10472103004291845 0.0109375
23 0.49914163090128755 0.628515625 0.10643776824034334 0.01171875
34 0.5291845493562232 0.72734375 0.16223175965665235 0.021875
12 0.6626609442060086 0.7390625 0.030042918454935622 0.01015625
16 0.6626609442060086 0.753125 0.030042918454935622 0.0078125
17 0.6716738197424893 0.767578125 0.0463519313304721 0.0078125
31 0.7072961373390558 0.80859375 0.06266094420600858 0.009375
26 0.4407725321888412 0.85546875 0.01888412017167382 0.01796875
28 0.4648068669527897 0.853515625 0.018025751072961373 0.0171875
29 0.49141630901287553 0.8546875 0.015450643776824034 0.01015625
25 0.5163090128755364 0.85390625 0.019742489270386267 0.01875
30 0.5587982832618026 0.8546875 0.06094420600858369 0.0125