3 0.4841287553648069 0.008242187500000001 0.5561373390557941 0.016484375000000002
30 0.2355021459227468 0.0047421875 0.05072103004291848 0.009476562500000002
26 0.2824291845493562 0.0073281250000000004 0.010866952789699543 0.0102578125
28 0.30054935622317597 0.0073281250000000004 0.01167381974248929 0.00953125
29 0.3198712446351931 0.0071484375 0.012480686695278938 0.007695312499999998
32 0.5572703862660945 0.100703125 0.47858369098712444 0.0231953125
8 0.34163948497854074 0.10272656250000001 0.021442060085836927 0.008835937500000002
12 0.5770901287553648 0.1036484375 0.0351931330472103 0.009945312500000015
4 0.5186351931330473 0.10291406249999999 0.052592274678111575 0.009945312500000015
16 0.6312961373390559 0.10309375000000001 0.044094420600858275 0.008835937500000002
17 0.6952188841201716 0.10328124999999999 0.05380257510729619 0.00846874999999998