3 0.48412017167381977 0.008203125 0.5562231759656653 0.01640625
30 0.23562231759656652 0.0046875 0.050643776824034335 0.009375
26 0.28240343347639485 0.007421875 0.011158798283261802 0.01015625
28 0.30042918454935624 0.007421875 0.01201716738197425 0.009375
29 0.3197424892703863 0.00703125 0.012875536480686695 0.0078125
32 0.5570815450643777 0.10078125 0.47896995708154505 0.0234375
8 0.34163090128755363 0.102734375 0.02145922746781116 0.00859375
12 0.5772532188841202 0.103515625 0.0351931330472103 0.01015625
4 0.5184549356223176 0.102734375 0.05236051502145923 0.01015625
16 0.6313304721030043 0.103125 0.04377682403433476 0.00859375
17 0.6952789699570815 0.103125 0.05407725321888412 0.00859375