33 0.5010643776824034 0.41944531250000006 0.15421459227467818 0.012249999999999872
34 0.6435107296137339 0.49447656250000005 0.13739055793991412 0.011226562499999915
22 0.529107296137339 0.7642265625 0.6465922746781115 0.41088281250000025
33 0.289931330472103 0.6682734374999999 0.12224892703862657 0.011742187499999801
20 0.29245493562231756 0.7871953125000001 0.12954506437768237 0.010718750000000199
20 0.27955364806866956 0.8183281250000001 0.10486695278969954 0.010718750000000199
23 0.49910729613733906 0.6284609374999999 0.10654935622317606 0.011742187499999801
34 0.5293905579399142 0.7274765625 0.16262660944206012 0.021945312500000112
12 0.6628583690987124 0.7389609374999999 0.030283261802575085 0.010210937499999772
16 0.6628583690987124 0.7532578125 0.030283261802575085 0.008164062499999857
17 0.6715450643776825 0.7675468750000001 0.046549356223175985 0.008164062499999857
31 0.7074420600858369 0.8086328125000002 0.06224892703862659 0.009695312499999886
26 0.4407811158798283 0.8555937499999999 0.019064377682403464 0.017867187499999916
28 0.46490128755364807 0.8535468749999999 0.017948497854077324 0.016843750000000313
29 0.4912532188841201 0.8548281249999998 0.015699570815450613 0.010210937499999772
25 0.5162403433476395 0.8538515624999998 0.019356223175965626 0.018460937500000087
30 0.5588755364806868 0.8546953125000002 0.06130472103004298 0.012585937499999745