33 0.41158798283261805 0.50078125 0.013733905579399141 0.140625
34 0.4939914163090129 0.63046875 0.01201716738197425 0.125
22 0.7819742489270386 0.526171875 0.43605150214592275 0.58828125
33 0.6849785407725322 0.308984375 0.012875536480686695 0.1109375
20 0.8154506437768241 0.3109375 0.01201716738197425 0.11796875
20 0.8497854077253219 0.29921875 0.01201716738197425 0.0953125
23 0.6412017167381975 0.49921875 0.012875536480686695 0.096875
34 0.7497854077253219 0.5265625 0.0240343347639485 0.14765625
12 0.7626609442060086 0.648046875 0.011158798283261802 0.02734375
16 0.7781115879828326 0.648046875 0.008583690987124463 0.02734375
17 0.7939914163090128 0.65625 0.008583690987124463 0.0421875
31 0.8390557939914163 0.688671875 0.010300429184549357 0.05703125
26 0.8905579399141631 0.44609375 0.019742489270386267 0.0171875
28 0.8884120171673819 0.46796875 0.01888412017167382 0.01640625
29 0.8896995708154506 0.4921875 0.011158798283261802 0.0140625
25 0.8888412017167382 0.51484375 0.020600858369098713 0.01796875
30 0.8896995708154506 0.553515625 0.013733905579399141 0.05546875