3 0.5135416666666667 0.013231756214915798 0.6135416666666667 0.026463512429831595
30 0.23515625 0.00801924619085806 0.050520833333333334 0.01603849238171612
26 0.28222395833333336 0.011868484362469928 0.011572916666666681 0.01631114675220529
28 0.30054166666666665 0.011242983159583 0.012625000000000004 0.016271050521251003
29 0.32054166666666667 0.012197273456295109 0.012229166666666676 0.01517241379310345
5 0.5738489583333333 0.08378508420208501 0.13720833333333335 0.05752205292702485
32 0.5587656249999999 0.17232558139534881 0.47854166666666675 0.038460304731355234
8 0.34140625 0.17650360866078588 0.02243749999999996 0.018019246190858037
12 0.5773125 0.17705693664795508 0.03452083333333344 0.019117882919005593
16 0.631078125 0.17540497193263832 0.04315625000000007 0.015821972734562966
17 0.6959375 0.17739374498797114 0.05526041666666662 0.018428227746591835