22 0.46979166666666666 0.5396952686447474 0.6484375 0.5749799518845229
33 0.7109375 0.43945469125902165 0.121875 0.020850040096230954
20 0.7059895833333333 0.6419406575781876 0.13020833333333334 0.018444266238973536
20 0.7203125 0.6928628708901363 0.1046875 0.01764234161988773
23 0.5005208333333333 0.37129109863672816 0.1015625 0.016840417000801924
34 0.5291666666666667 0.48757016840417 0.04635416666666667 0.016840417000801924
34 0.4703125 0.5404971932638332 0.16302083333333334 0.03769045709703288
12 0.33645833333333336 0.5601443464314354 0.028645833333333332 0.015236567762630313
16 0.33697916666666666 0.582598235765838 0.030208333333333334 0.015236567762630313
17 0.3294270833333333 0.6086607858861267 0.04583333333333333 0.015236567762630313
26 0.5598958333333334 0.7546110665597434 0.0203125 0.03207698476343224
28 0.5346354166666667 0.7546110665597434 0.019791666666666666 0.03207698476343224
29 0.50859375 0.7550120288692863 0.014583333333333334 0.016840417000801924
25 0.48333333333333334 0.7542101042502005 0.019270833333333334 0.03287890938251804
31 0.29192708333333334 0.6780272654370489 0.0640625 0.019246190858059342
30 0.440625 0.7546110665597434 0.06197916666666667 0.02165196471531676