3 0.8161458333333333 0.5208500400962309 0.0171875 0.9446672012830793
30 0.81953125 0.09222133119486768 0.010416666666666666 0.07778668805132317
26 0.8169270833333333 0.16479550922213312 0.010416666666666666 0.01764234161988773
28 0.8174479166666667 0.19286287089013632 0.010416666666666666 0.019246190858059342
29 0.8169270833333333 0.22373696872493987 0.009895833333333333 0.018444266238973536
5 0.7703125 0.6138732959101845 0.0375 0.21090617481956697
32 0.7127604166666667 0.590617481956696 0.025 0.7369687249398557
8 0.71015625 0.2558139534883721 0.011458333333333333 0.034482758620689655
12 0.7096354166666666 0.6190858059342422 0.0125 0.05292702485966319
16 0.7109375 0.7016840417000801 0.010416666666666666 0.06655974338412189
17 0.7096354166666666 0.801523656776263 0.011979166666666667 0.08500400962309543