22 0.5302812499999999 0.5395910184442662 0.6485260416666667 0.5745950280673621
33 0.2889375 0.4393023255813953 0.12204166666666663 0.020657578187650537
20 0.294 0.6420529270248597 0.1302552083333333 0.01876503608660793
20 0.27971874999999996 0.6927906976744185 0.10456249999999999 0.017281475541299263
23 0.49935416666666665 0.3711948676824379 0.10157291666666665 0.016808340016038523
34 0.47080208333333334 0.4875380914194066 0.04636979166666665 0.017121090617481884
34 0.5296822916666667 0.5406415396952687 0.16317708333333342 0.03801924619085794
12 0.663453125 0.5601924619085805 0.028578124999999944 0.015356856455493256
16 0.6629270833333333 0.5827746591820369 0.030390624999999952 0.014915797914995917
17 0.6705677083333333 0.6085886126704091 0.04567187500000003 0.015076182838813297
26 0.4401875 0.7547072975140336 0.02048958333333329 0.03228548516439472
28 0.4652604166666666 0.7547072975140336 0.020010416666666704 0.03228548516439472
29 0.491359375 0.7550601443464314 0.014755208333333296 0.01702485966319131
25 0.5167604166666666 0.7541860465116278 0.019505208333333357 0.03271852445870103
31 0.7081145833333333 0.6779230152365677 0.06380729166666678 0.01906976744186026
30 0.559484375 0.7545950280673617 0.06206249999999992 0.02190056134723368