22 0.47421875 0.5236567762630313 0.3734375 0.9526864474739375
33 0.5393229166666667 0.1752205292702486 0.013541666666666667 0.18765036086607859
20 0.4078125 0.18283881315156375 0.011979166666666667 0.20048115477145148
20 0.37473958333333335 0.16078588612670408 0.011458333333333333 0.161186848436247
23 0.58359375 0.4991980753809142 0.0109375 0.15637530072173217
34 0.5080729166666667 0.45509222133119487 0.0109375 0.07137129109863673
34 0.47369791666666666 0.5457097032878909 0.024479166666666666 0.25100240577385724
12 0.4609375 0.751804330392943 0.009895833333333333 0.044105854049719326
16 0.44635416666666666 0.7510024057738572 0.009895833333333333 0.046511627906976744
17 0.42942708333333335 0.7626303127506014 0.009895833333333333 0.07056936647955092
26 0.3346354166666667 0.4077786688051323 0.020833333333333332 0.03127506014434643
28 0.3346354166666667 0.4466720128307939 0.020833333333333332 0.030473135525260625
29 0.334375 0.4867682437850842 0.0109375 0.022453889334402566
25 0.33489583333333334 0.5256615878107458 0.021354166666666667 0.02967121090617482
31 0.384375 0.8203688853247795 0.0125 0.09863672814755413
30 0.3346354166666667 0.5914194065757818 0.0140625 0.0954290296712109