3 0.4864583333333333 0.013231756214915798 0.6135416666666667 0.026463512429831595
30 0.76484375 0.00801924619085806 0.050520833333333334 0.01603849238171612
26 0.7177083333333333 0.012028869286287089 0.011458333333333333 0.01603849238171612
28 0.6994791666666667 0.011226944667201283 0.0125 0.01603849238171612
29 0.6794270833333333 0.012028869286287089 0.011979166666666667 0.015236567762630313
5 0.42604166666666665 0.08380112269446673 0.13697916666666668 0.057738572574178026
32 0.44114583333333335 0.1724137931034483 0.4786458333333333 0.038492381716118684
8 0.65859375 0.1764234161988773 0.022395833333333334 0.01764234161988773
12 0.42265625 0.17722534081796312 0.034375 0.019246190858059342
16 0.3690104166666667 0.1752205292702486 0.043229166666666666 0.01603849238171612
17 0.30416666666666664 0.17722534081796312 0.05520833333333333 0.018444266238973536