3 0.5074917127071823 0.009890625 0.6500331491712706 0.0181328125
30 0.22240883977900552 0.008453125 0.07520441988950277 0.01278125
9 0.7911160220994475 0.0267890625 0.046640883977900595 0.006593749999999998
5 0.7086077348066298 0.043296875 0.21299447513812153 0.016507812499999996
5 0.8001546961325967 0.043875 0.009425414364640854 0.006078125000000001
32 0.49152486187845296 0.06328125 0.5996574585635359 0.020562499999999994
8 0.20541436464088397 0.06574218750000001 0.022530386740331476 0.006374999999999997
17 0.29839779005524864 0.065453125 0.08970165745856348 0.012742187500000002
4 0.40366850828729284 0.06574218750000001 0.09051933701657454 0.012164062499999994
12 0.4837458563535912 0.0658828125 0.04259668508287288 0.007820312499999992
11 0.5836795580110498 0.0653046875 0.032773480662983516 0.006664062500000001
10 0.6981657458563536 0.0658828125 0.05037569060773472 0.007820312499999992
1 0.5005524861878453 0.165234375 0.9988950276243094 0.18046875
2 0.9895027624309393 0.165625 0.020994475138121547 0.05625
16 0.37491712707182323 0.5025859374999999 0.04781215469613258 0.016007812500000006