0 0.4997900552486188 0.7127890625 0.4522983425414365 0.06493749999999991
22 0.5000220994475137 0.8587421875000001 0.6300441988950277 0.1842031249999998
26 0.22558011049723758 0.88440625 0.01518232044198896 0.010499999999999687
28 0.5066961325966851 0.8840625 0.014850828729281828 0.011648437499999886
19 0.25237569060773485 0.835546875 0.07072928176795579 0.006390625000000228
33 0.27659668508287294 0.8438828125000001 0.11787845303867397 0.007531250000000256
23 0.2530276243093923 0.8107734375 0.07072928176795579 0.006624999999999659
34 0.35911602209944754 0.92528125 0.03100552486187839 0.0059375000000002846
17 0.4044861878453039 0.925390625 0.05005524861878448 0.006624999999999659
31 0.45986740331491716 0.9251640625 0.04908287292817675 0.006624999999999659
25 0.20312707182320444 0.9816796875000001 0.029712707182320428 0.0214609375000002
30 0.29985635359116025 0.9819062500000001 0.09139226519337021 0.015523437499999914