0 0.49895833333333334 0.0867224880382775 0.45625 0.173444976076555
22 0.5000729166666666 0.540909090909091 0.6293697916666667 0.5942942583732057
26 0.22568229166666667 0.625633971291866 0.01470312500000001 0.033229665071770574
28 0.5065260416666667 0.625633971291866 0.015385416666666648 0.03511961722488054
21 0.23577083333333335 0.36163875598086115 0.03487500000000002 0.01825358851674667
23 0.2520833333333333 0.3877631578947369 0.07059374999999998 0.020873205741626575
19 0.2528020833333333 0.46520334928229673 0.06997395833333328 0.017344497607655503
33 0.2775052083333333 0.49239234449760777 0.12020312499999998 0.021602870813397065
31 0.45928125000000003 0.7586124401913876 0.050593750000000055 0.022595693779904155
34 0.35871875000000003 0.7587200956937799 0.03269791666666665 0.020430622009569292
25 0.20360416666666667 0.9398444976076555 0.03333854166666666 0.07061004784689019