0 0.49895833333333334 0.9132775119617225 0.45625 0.173444976076555
22 0.5 0.45933014354066987 0.6291666666666667 0.5944976076555024
26 0.22578125 0.37440191387559807 0.014583333333333334 0.03349282296650718
28 0.5065104166666666 0.37440191387559807 0.015625 0.034688995215311005
21 0.23567708333333334 0.6381578947368421 0.034895833333333334 0.017942583732057416
23 0.2520833333333333 0.6124401913875598 0.07083333333333333 0.02033492822966507
19 0.25286458333333334 0.534688995215311 0.06979166666666667 0.01674641148325359
33 0.27760416666666665 0.5077751196172249 0.1203125 0.0215311004784689
31 0.459375 0.24162679425837322 0.050520833333333334 0.022727272727272728
34 0.35859375 0.2410287081339713 0.0328125 0.02033492822966507
25 0.20364583333333333 0.060406698564593304 0.03333333333333333 0.07057416267942583