3 0.5172656250000001 0.009125 0.6715401785714287 0.0182421875
30 0.22198660714285715 0.0086328125 0.07352678571428571 0.0120546875
9 0.7902120535714285 0.026546874999999998 0.04654017857142862 0.006843750000000004
5 0.7089955357142858 0.0428359375 0.21267857142857136 0.01661718750000001
5 0.7997433035714286 0.0434921875 0.008839285714285796 0.006843750000000004
32 0.4923660714285715 0.06303125000000001 0.603125 0.021171874999999996
8 0.20453125 0.0653125 0.022801339285714293 0.0048828125
17 0.2987723214285714 0.0654765625 0.08935267857142863 0.013679687499999992
4 0.40324776785714284 0.06515625 0.09167410714285713 0.013679687499999992
12 0.4846875 0.06499218749999999 0.04328124999999997 0.008796874999999992
11 0.5845089285714286 0.0654765625 0.03350446428571426 0.007820312499999992
10 0.6971316964285714 0.0654765625 0.05119419642857131 0.00716406249999999
1 0.5 0.16278125000000002 1 0.17643750000000002
2 0.9893638392857144 0.164453125 0.021272321428571366 0.053929687499999976