3 0.48270089285714285 0.008984375 0.671875 0.01796875
30 0.7779017857142857 0.00859375 0.07366071428571429 0.01171875
9 0.20982142857142858 0.0265625 0.046875 0.00703125
5 0.29073660714285715 0.04296875 0.21316964285714285 0.01640625
5 0.20033482142857142 0.043359375 0.008928571428571428 0.00703125
32 0.5078125 0.062890625 0.6026785714285714 0.02109375
8 0.7952008928571429 0.065234375 0.022321428571428572 0.0046875
17 0.7014508928571429 0.065625 0.08928571428571429 0.0140625
4 0.5965401785714286 0.065234375 0.09151785714285714 0.0140625
12 0.5150669642857143 0.06484375 0.04352678571428571 0.00859375
11 0.41573660714285715 0.065625 0.033482142857142856 0.0078125
10 0.30301339285714285 0.065625 0.05133928571428571 0.00703125
1 0.5 0.162890625 1 0.1765625
2 0.010602678571428572 0.164453125 0.021205357142857144 0.05390625