3 0.5305416666666667 0.019587628865979385 0.6935885416666667 0.03881046788263283
30 0.22386979166666665 0.01887390959555908 0.07554166666666665 0.030237906423473435
9 0.7909739583333334 0.057731958762886594 0.04695312500000005 0.01684377478191912
5 0.7090729166666667 0.09436161776367961 0.21169791666666668 0.0365107057890563
5 0.8005937500000001 0.09471847739888976 0.009880208333333229 0.01578905630452024
32 0.49157291666666675 0.13685963521015068 0.5998020833333333 0.047390959555908004
8 0.20520833333333333 0.1415860428231562 0.02205208333333335 0.01103885804916734
17 0.29877604166666666 0.14128469468675653 0.09084375000000004 0.028754956383822357
4 0.40358333333333335 0.14036478984932593 0.09383333333333338 0.026923076923076914
12 0.48446874999999995 0.14128469468675653 0.04197395833333329 0.012870737509912782
11 0.5831093749999999 0.14067406819984138 0.03163020833333334 0.012870737509912782
10 0.6984427083333333 0.1410547184773989 0.049666666666666734 0.01577319587628865
10 0.30630208333333336 0.19779540047581287 0.051723958333333306 0.013497224425059462
10 0.31091145833333333 0.2435210150674068 0.12514062499999998 0.027057890563045205
5 0.5005000000000001 0.3349325931800159 0.5033177083333332 0.03731958762886593
5 0.7321927083333333 0.335543219666931 0.011046875000000018 0.016550356859635212
2 0.9895833333333334 0.35804916732751785 0.020833333333333332 0.11816019032513878