0 0.49972916666666667 0.36258524980174467 0.4535000000000001 0.13475812846946855
22 0.5006197916666667 0.6857335448057098 0.6292552083333334 0.41535289452815244
21 0.23608854166666668 0.5556938937351309 0.036338541666666654 0.014147501982553644
23 0.25343229166666664 0.5721173671689136 0.07101562500000001 0.013766851704996136
20 0.2549375 0.6424821570182395 0.07402604166666672 0.012418715305313128
19 0.25313541666666667 0.6587549563838224 0.0704166666666667 0.012878667724028375
33 0.27720833333333333 0.6780015860428232 0.11856770833333338 0.014718477398890087
26 0.22552083333333334 0.730253766851705 0.013682291666666657 0.02296590007930217
27 0.225296875 0.7671530531324346 0.01473958333333331 0.023433782712133373
29 0.5062604166666667 0.7299048374306105 0.013796875000000005 0.024575733544805536
17 0.3975677083333334 0.8392704203013482 0.05000520833333333 0.012997620935765525
31 0.4525729166666667 0.8386439333862016 0.047135416666666666 0.01517049960348938
34 0.3512552083333333 0.8386994448850118 0.03187500000000002 0.01413957176843769
25 0.20294791666666667 0.9607771609833465 0.03174479166666669 0.0486201427438544
30 0.29892187499999995 0.959857256145916 0.09200520833333338 0.03303727200634406