0 0.40963541666666664 0.500396510705789 0.08854166666666667 0.6907216494845361
22 0.621875 0.4992069785884219 0.27291666666666664 0.9579698651863601
21 0.5364583333333334 0.901665344964314 0.009375 0.05551149881046788
23 0.5473958333333333 0.8754956383822363 0.008854166666666666 0.10785091197462332
20 0.5934895833333333 0.873116574147502 0.008333333333333333 0.11260904044409199
19 0.6041666666666666 0.8758921490880254 0.008333333333333333 0.1070578905630452
33 0.6169270833333333 0.8394131641554322 0.009895833333333333 0.18080888183980967
26 0.6513020833333333 0.9179222839016653 0.015104166666666667 0.020618556701030927
27 0.6755208333333333 0.9183187946074544 0.015625 0.022204599524187154
29 0.6510416666666666 0.4904837430610626 0.016145833333333335 0.020618556701030927
17 0.7229166666666667 0.6558287073750991 0.008333333333333333 0.0761300555114988
31 0.7223958333333333 0.5721649484536082 0.009895833333333333 0.07137192704203013
34 0.7223958333333333 0.7264076130055511 0.009375 0.04837430610626487
25 0.8026041666666667 0.9524187153053132 0.03177083333333333 0.04837430610626487
30 0.8020833333333334 0.8061062648691515 0.021875 0.14036478984932593