3 0.18411458333333333 0.4908802537668517 0.025520833333333333 0.9817605075337034
30 0.18411458333333333 0.9203013481363996 0.019791666666666666 0.11498810467882632
9 0.20963541666666666 0.057097541633624106 0.0109375 0.07137192704203013
5 0.23359375 0.18160190325138778 0.023958333333333335 0.32196669310071374
5 0.23385416666666667 0.042426645519429027 0.010416666666666666 0.01506740681998414
32 0.26145833333333335 0.5126883425852498 0.03125 0.9135606661379857
8 0.26458333333333334 0.9488501189532117 0.007291666666666667 0.03330689928628073
17 0.2643229166666667 0.8065027755749405 0.01875 0.1379857256145916
4 0.2638020833333333 0.6467089611419509 0.017708333333333333 0.14274385408406026
12 0.2643229166666667 0.5237906423473434 0.008333333333333333 0.06423473433782712
11 0.2640625 0.37351308485329104 0.008333333333333333 0.04837430610626487
10 0.2643229166666667 0.1978588421887391 0.010416666666666666 0.0753370340999207
10 0.3015625 0.7950039651070578 0.008854166666666666 0.07850911974623315
10 0.33151041666666664 0.7878667724028549 0.017708333333333333 0.19032513877874702
5 0.39166666666666666 0.4992069785884219 0.024479166666666666 0.7660586835844568
5 0.3919270833333333 0.14631245043616178 0.0109375 0.016653449643140365