0 0.49973958333333335 0.36241078509119745 0.45364583333333336 0.13481363996827914
22 0.5005208333333333 0.6855670103092784 0.6291666666666667 0.41554321966693103
21 0.23619791666666667 0.5555114988104679 0.036458333333333336 0.014274385408406027
23 0.25338541666666664 0.5721649484536082 0.07083333333333333 0.013481363996827915
20 0.25494791666666666 0.6423473433782713 0.07395833333333333 0.012688342585249802
19 0.253125 0.6586042823156225 0.0703125 0.012688342585249802
33 0.27708333333333335 0.6780333068992863 0.11875 0.01506740681998414
26 0.22552083333333334 0.7303727200634417 0.013541666666666667 0.022997620935765267
27 0.22526041666666666 0.767248215701824 0.014583333333333334 0.023790642347343377
29 0.50625 0.7299762093576526 0.013541666666666667 0.02458366375892149
17 0.39765625 0.8394131641554322 0.05 0.012688342585249802
31 0.45260416666666664 0.8386201427438541 0.046875 0.01506740681998414
34 0.35130208333333335 0.8386201427438541 0.03177083333333333 0.014274385408406027
25 0.20286458333333332 0.9607454401268835 0.03177083333333333 0.04837430610626487
30 0.2989583333333333 0.9599524187153053 0.0921875 0.03330689928628073