3 0.53046875 0.01942902458366376 0.69375 0.03885804916732752
30 0.22395833333333334 0.0190325138778747 0.07552083333333333 0.03013481363996828
9 0.7908854166666667 0.05789056304520222 0.046875 0.016653449643140365
5 0.7091145833333333 0.0943695479777954 0.21145833333333333 0.03647898493259318
5 0.8005208333333333 0.09476605868358445 0.009895833333333333 0.01586042823156225
32 0.49166666666666664 0.13679619349722444 0.6 0.047581284694686754
8 0.20520833333333333 0.1415543219666931 0.021875 0.011102299762093577
17 0.2986979166666667 0.14115781126090404 0.090625 0.028548770816812053
4 0.4036458333333333 0.14036478984932593 0.09375 0.02696272799365583
12 0.484375 0.14115781126090404 0.0421875 0.012688342585249802
11 0.5830729166666667 0.140761300555115 0.03177083333333333 0.012688342585249802
10 0.6984375 0.14115781126090404 0.049479166666666664 0.01586042823156225
10 0.30625 0.1978588421887391 0.0515625 0.013481363996827915
10 0.3109375 0.24345757335448057 0.125 0.02696272799365583
5 0.5005208333333333 0.33505154639175255 0.503125 0.03727200634417129
5 0.7322916666666667 0.3354480570975416 0.0109375 0.016653449643140365
2 0.9895833333333334 0.35804916732751785 0.020833333333333332 0.11816019032513878