0 0.5 0.03454133635334088 0.45625 0.06908267270668177
22 0.5001822916666667 0.4921404303510758 0.631765625 0.7180747451868629
21 0.23528645833333334 0.24475651189127962 0.03611458333333335 0.0178595696489241
23 0.252859375 0.29295583238958106 0.07044270833333334 0.019830124575311685
20 0.254171875 0.3928312570781426 0.07306770833333331 0.018233295583238857
19 0.2531875 0.41768969422423546 0.07109895833333332 0.019841449603623988
33 0.27719270833333337 0.442899207248018 0.12074999999999995 0.022163080407701204
26 0.22549479166666667 0.5155832389580974 0.015713541666666647 0.03211778029445088
29 0.22483854166666667 0.5675311438278597 0.014406249999999983 0.0308833522083805
28 0.5062916666666667 0.516647791619479 0.015182291666666714 0.034258210645526616
21 0.23577604166666666 0.6559909399773499 0.03709895833333334 0.020724801812004735
23 0.25335416666666666 0.6829898074745187 0.07142708333333332 0.019490373725934356
31 0.45196875 0.7725368063420159 0.04911458333333331 0.018618346545866426
34 0.3509427083333333 0.7714496036240092 0.032250000000000036 0.02073612684031704
25 0.203375 0.9432502831257079 0.03046875 0.06782559456398626