0 0.4985928489042676 0.35546875 0.457329873125721 0.12646093749999993
22 0.4990484429065744 0.6817109375000001 0.6320011534025376 0.4497187500000003
21 0.2348961937716263 0.5285 0.035478662053056505 0.012867187499999844
23 0.25280276816609 0.5600625000000001 0.07211649365628602 0.013429687500000042
20 0.25451557093425603 0.6220390625000001 0.07391003460207611 0.012453124999999687
19 0.252641291810842 0.6370546874999998 0.07178777393310266 0.01153906250000034
33 0.2777335640138408 0.6529218749999999 0.11952133794694349 0.013421875000000227
26 0.22534602076124569 0.6983046875 0.014752018454440623 0.019062499999999715
29 0.22571510957324106 0.7311953124999999 0.014671280276816641 0.019624999999999913
28 0.5067877739331026 0.6981953125 0.014550173010380633 0.021054687499999857
21 0.23558823529411765 0.7861406250000001 0.03604959630911188 0.012328124999999801
23 0.2521510957324106 0.8018437500000001 0.0708073817762399 0.012773437500000285
31 0.45207035755478664 0.8565703124999999 0.04956747404844293 0.013898437499999972
17 0.397237600922722 0.8576250000000002 0.05088235294117648 0.012679687499999658
34 0.3510495963091119 0.8573437500000001 0.030322952710495923 0.013234374999999687
25 0.20306805074971165 0.9650781250000001 0.030588235294117624 0.04186718750000011
30 0.2985409457900807 0.9650234375 0.09422145328719717 0.03401562499999997