0 0.3933102652825836 0.498046875 0.09342560553633218 0.61953125
22 0.634083044982699 0.498828125 0.33217993079584773 0.85625
21 0.5210495963091119 0.141015625 0.00922722029988466 0.0484375
23 0.544405997693195 0.165234375 0.00980392156862745 0.09765625
20 0.5899653979238755 0.167578125 0.00922722029988466 0.1
19 0.6012110726643599 0.16484375 0.00865051903114187 0.096875
33 0.6127450980392157 0.198828125 0.00980392156862745 0.16171875
26 0.6464821222606689 0.128125 0.01384083044982699 0.0203125
29 0.6707035755478662 0.128515625 0.01441753171856978 0.01953125
28 0.6461937716262975 0.509375 0.015570934256055362 0.01953125
21 0.711361014994233 0.141796875 0.00922722029988466 0.04921875
23 0.7228950403690888 0.1640625 0.00922722029988466 0.09609375
31 0.7632641291810842 0.43515625 0.010380622837370242 0.0671875
17 0.7641291810841984 0.3609375 0.00922722029988466 0.06875
34 0.763840830449827 0.298046875 0.00980392156862745 0.04140625
25 0.8434256055363322 0.09765625 0.031141868512110725 0.04140625
30 0.8431372549019608 0.226953125 0.025374855824682813 0.12734375