3 0.5092272202998847 0.98203125 0.6482122260668973 0.0359375
30 0.22404844290657439 0.982421875 0.07381776239907728 0.02734375
9 0.7909457900807382 0.94921875 0.04440599769319493 0.0125
5 0.7090542099192618 0.91640625 0.21280276816608998 0.0328125
5 0.8001730103806228 0.91640625 0.01787773933102653 0.02265625
32 0.4942329873125721 0.8765625 0.6032295271049596 0.04375
8 0.20559400230680508 0.87421875 0.021337946943483274 0.0109375
17 0.29786620530565167 0.87421875 0.0922722029988466 0.03046875
4 0.4039792387543253 0.87421875 0.08938869665513265 0.02578125
12 0.48385236447520186 0.87421875 0.04382929642445214 0.01484375
11 0.5841983852364475 0.875390625 0.0328719723183391 0.0140625
10 0.6980968858131488 0.8734375 0.052479815455594 0.0140625
5 0.5 0.5296875 0.5063437139561707 0.034375
5 0.7321222606689735 0.5296875 0.01787773933102653 0.02421875
2 0.9893310265282583 0.681640625 0.021337946943483274 0.10546875
10 0.31141868512110726 0.78203125 0.1245674740484429 0.02421875
10 0.3062283737024221 0.82421875 0.05190311418685121 0.01328125