3 0.14417531718569782 0.5125 0.0265282583621684 0.878125
30 0.1438869665513264 0.126171875 0.020184544405997693 0.1
9 0.16839677047289503 0.894140625 0.00922722029988466 0.06015625
5 0.19261822376009227 0.783203125 0.02422145328719723 0.28828125
5 0.19261822376009227 0.906640625 0.016724336793540944 0.02421875
32 0.22202998846597463 0.4921875 0.03229527104959631 0.8171875
8 0.223760092272203 0.101171875 0.008073817762399077 0.02890625
17 0.223760092272203 0.226171875 0.02249134948096886 0.125
4 0.223760092272203 0.369921875 0.01903114186851211 0.12109375
12 0.223760092272203 0.478125 0.010957324106113034 0.059375
11 0.2228950403690888 0.6140625 0.010380622837370242 0.04453125
10 0.2243367935409458 0.768359375 0.010380622837370242 0.07109375
5 0.47808535178777395 0.5 0.025374855824682813 0.6859375
5 0.47808535178777395 0.814453125 0.01787773933102653 0.02421875
10 0.2918108419838524 0.24453125 0.01787773933102653 0.16875
10 0.2606689734717416 0.2375 0.00980392156862745 0.0703125