0 0.49855824682814304 0.64453125 0.4573241061130334 0.1265625
22 0.4991349480968858 0.318359375 0.6320645905420992 0.45
21 0.23500576701268744 0.471484375 0.03575547866205306 0.0125
23 0.252883506343714 0.43984375 0.07208765859284891 0.01328125
20 0.2546136101499423 0.378125 0.07381776239907728 0.0125
19 0.25259515570934254 0.362890625 0.07151095732410612 0.01171875
33 0.27768166089965396 0.347265625 0.11937716262975778 0.01328125
26 0.22549019607843138 0.3015625 0.014994232987312572 0.01875
29 0.22577854671280276 0.26875 0.01441753171856978 0.01953125
28 0.5069204152249135 0.301953125 0.01441753171856978 0.02109375
21 0.23558246828143023 0.213671875 0.03633217993079585 0.0125
23 0.2520184544405998 0.198046875 0.07093425605536333 0.0125
31 0.45213379469434833 0.143359375 0.049596309111880045 0.0140625
17 0.3973471741637832 0.1421875 0.05074971164936563 0.0125
34 0.3509227220299885 0.142578125 0.030565167243367934 0.01328125
25 0.2029988465974625 0.034765625 0.030565167243367934 0.0421875
30 0.2984429065743945 0.03515625 0.09400230680507497 0.034375