3 0.5092618223760091 0.018078125 0.648477508650519 0.036148437500000005
30 0.22410611303344868 0.017625 0.07371972318339103 0.027421875000000002
9 0.7908535178777393 0.050875000000000004 0.04443483275663217 0.012687500000000008
5 0.7089446366782006 0.08353125 0.21268742791234152 0.032859375
5 0.8002364475201845 0.0837578125 0.01767012687427905 0.022781249999999996
32 0.49427335640138403 0.12340625000000001 0.6029527104959631 0.04340625
8 0.2055594002306805 0.1258828125 0.02108419838523648 0.010749999999999992
17 0.29784313725490197 0.1258125 0.09236447520184549 0.030164062500000012
4 0.4041176470588235 0.125734375 0.08946366782006927 0.025499999999999988
12 0.48391003460207616 0.1256640625 0.04359284890426754 0.014812499999999984
11 0.5841868512110727 0.1246796875 0.0331372549019608 0.01436718749999999
10 0.6981257208765859 0.1267109375 0.05222029988465985 0.013914062500000001
5 0.4998846597462514 0.4702578125 0.5064475201845443 0.03451562500000005
5 0.7321049596309112 0.470484375 0.01801614763552467 0.02443749999999998
2 0.9893310265282583 0.318359375 0.021337946943483274 0.10546875
10 0.3114590542099193 0.2181328125 0.1246193771626297 0.024429687499999984
10 0.30617647058823527 0.17574218749999998 0.05215109573241065 0.013187499999999996