3 0.5166468489892985 0.00859375 0.6694411414982164 0.0171875
30 0.22269916765755052 0.0084296875 0.07486325802615931 0.013609375000000002
9 0.7905588585017836 0.024960937500000002 0.04680142687277039 0.006507812499999999
5 0.7091557669441141 0.04071875 0.21431629013079667 0.01640625
5 0.8003210463733651 0.040640625 0.01694411414982164 0.011617187500000004
32 0.49121284185493463 0.059171875 0.601307966706302 0.018406250000000002
8 0.20646848989298452 0.0611015625 0.023614744351961967 0.00774999999999999
17 0.2979191438763377 0.0604140625 0.08895362663495845 0.014078125000000007
4 0.40365041617122477 0.0606796875 0.09000000000000007 0.0123046875
12 0.485410225921522 0.061140625000000004 0.04307966706302024 0.007054687500000001
11 0.5836741973840666 0.06121875 0.03272294887039237 0.00874999999999999