0 0.6761992619926199 0.498828125 0.0910209102091021 0.578125
22 0.3892988929889299 0.5 0.42927429274292744 0.80546875
21 0.550430504305043 0.835546875 0.00922509225092251 0.04609375
23 0.5396678966789668 0.813671875 0.007995079950799507 0.090625
19 0.48247232472324725 0.814453125 0.007380073800738007 0.0875
33 0.4714022140221402 0.7828125 0.00984009840098401 0.153125
26 0.4360393603936039 0.84921875 0.014760147601476014 0.01953125
29 0.4114391143911439 0.848828125 0.013530135301353014 0.01875
28 0.43634686346863466 0.49140625 0.015990159901599015 0.01796875
21 0.37084870848708484 0.837109375 0.007995079950799507 0.0453125
21 0.3253382533825338 0.8359375 0.007995079950799507 0.0453125
21 0.279520295202952 0.83671875 0.00922509225092251 0.046875
31 0.21217712177121772 0.560546875 0.008610086100861008 0.06171875
17 0.21186961869618695 0.630859375 0.00922509225092251 0.0640625
34 0.2115621156211562 0.689453125 0.00984009840098401 0.03984375
25 0.1325338253382534 0.87734375 0.03136531365313653 0.0390625
30 0.13222632226322265 0.755859375 0.020910209102091022 0.115625