0 0.5009225092250923 0.2762734375000001 0.4552152521525214 0.11524999999999999
22 0.5000430504305045 0.6406875 0.6340467404674047 0.5451171875
21 0.2358610086100861 0.43599999999999994 0.036186961869618714 0.011429687500000086
23 0.25317343173431733 0.44978125 0.07156826568265683 0.010484375000000056
19 0.25231242312423124 0.5223046874999999 0.0690959409594096 0.00917187499999983
33 0.277220172201722 0.5362734375 0.12041205412054118 0.012414062499999901
26 0.2250492004920049 0.5813124999999999 0.01531980319803196 0.0188593749999999
29 0.22542435424354246 0.6123906250000001 0.014569495694956983 0.01753906249999986
28 0.506869618696187 0.5810234375000001 0.014157441574415734 0.020187500000000115
21 0.23473554735547356 0.6639453124999999 0.03543665436654367 0.010218749999999943
21 0.23555965559655595 0.7218203124999999 0.03559040590405904 0.010031250000000113
21 0.23480934809348095 0.7800312500000001 0.03708487084870846 0.011476562499999687
31 0.45241082410824107 0.8657890625 0.04887453874538747 0.010984375000000313
17 0.39713407134071343 0.8659765624999999 0.05052890528905294 0.011367187500000143
34 0.3509778597785978 0.866359375 0.03153136531365312 0.01212500000000034
25 0.20304428044280443 0.9668984375 0.03055350553505532 0.03955468750000009
30 0.2987269372693727 0.967125 0.09125461254612553 0.026484374999999716