3 0.8797662976629766 0.5 0.027675276752767528 1
30 0.8816113161131611 0.851171875 0.01968019680196802 0.09609375
32 0.8044280442804428 0.50859375 0.03136531365313653 0.7671875
8 0.8013530135301353 0.873828125 0.01107011070110701 0.0296875
17 0.8010455104551045 0.756640625 0.01845018450184502 0.11484375
4 0.8007380073800738 0.623046875 0.019065190651906518 0.1140625
12 0.8007380073800738 0.5203125 0.011685116851168511 0.05546875
11 0.8001230012300123 0.39375 0.011685116851168511 0.03984375
10 0.8013530135301353 0.2484375 0.00922509225092251 0.06484375
10 0.7629151291512916 0.746484375 0.010455104551045511 0.06875
10 0.7346248462484625 0.740625 0.019065190651906518 0.15859375
5 0.673739237392374 0.499609375 0.023985239852398525 0.64375
5 0.6731242312423125 0.2046875 0.010455104551045511 0.0125
5 0.8321033210332104 0.234375 0.02152521525215252 0.2703125
5 0.8314883148831488 0.11796875 0.00922509225092251 0.01328125
9 0.8563960639606396 0.13046875 0.00922509225092251 0.06015625