3 0.5 0.017578125 1 0.03515625
30 0.22355473554735547 0.015234375 0.07564575645756458 0.025
32 0.4932349323493235 0.11328125 0.6039360393603936 0.03984375
8 0.20571955719557194 0.1171875 0.023370233702337023 0.0140625
17 0.29797047970479706 0.117578125 0.09040590405904059 0.0234375
4 0.40313653136531363 0.11796875 0.0897908979089791 0.02421875
12 0.484009840098401 0.11796875 0.04366543665436654 0.01484375
11 0.5836408364083641 0.11875 0.03136531365313653 0.01484375
10 0.6980319803198032 0.1171875 0.051045510455104554 0.01171875
10 0.3059655596555966 0.166015625 0.05412054120541206 0.01328125
10 0.3105781057810578 0.201953125 0.12484624846248463 0.02421875
5 0.5003075030750308 0.279296875 0.5067650676506765 0.03046875
5 0.7324723247232472 0.280078125 0.00984009840098401 0.01328125
2 0.9895448954489545 0.2984375 0.020910209102091022 0.09921875
5 0.7091020910209103 0.078125 0.21279212792127922 0.02734375
5 0.8007380073800738 0.07890625 0.010455104551045511 0.01171875
9 0.7908979089790897 0.047265625 0.047355473554735544 0.01171875