3 0.5 0.01771875 1 0.0354375
30 0.22346863468634687 0.015320312499999999 0.07534440344403444 0.025007812499999994
32 0.4933333333333333 0.1134609375 0.6039852398523986 0.039999999999999994
8 0.20573800738007378 0.1172421875 0.023253382533825306 0.014124999999999988
17 0.2978228782287823 0.11756249999999999 0.09063960639606403 0.023421875000000016
4 0.4029889298892989 0.11784375 0.08963714637146371 0.0239765625
12 0.48390528905289054 0.1180546875 0.04341943419434189 0.014656249999999992
11 0.5835977859778597 0.11867968749999999 0.03146986469864703 0.014515624999999987
10 0.6980750307503074 0.1172890625 0.05127306273062724 0.011734374999999986
10 0.3059286592865929 0.1660390625 0.05428659286592865 0.013257812499999976
10 0.3105227552275523 0.2019296875 0.12479704797047968 0.023843749999999986
5 0.5002583025830258 0.27946875000000004 0.5064575645756457 0.030085937499999993
5 0.7325092250922509 0.28009375 0.009551045510455228 0.013250000000000029
2 0.9895018450184502 0.2983125 0.02099015990159908 0.09896874999999997
5 0.7090405904059042 0.078 0.21293357933579338 0.027203124999999995
5 0.8005965559655597 0.0788359375 0.010153751537515509 0.012062499999999999
9 0.7907626076260762 0.047359374999999995 0.04722632226322261 0.011570312500000002