0 0.5009225092250923 0.276171875 0.45510455104551045 0.115625
22 0.5 0.640625 0.6340713407134071 0.5453125
21 0.23585485854858548 0.4359375 0.03628536285362854 0.01171875
23 0.2530750307503075 0.449609375 0.07134071340713408 0.01015625
19 0.252460024600246 0.522265625 0.06888068880688807 0.009375
33 0.2773677736777368 0.536328125 0.12054120541205413 0.0125
26 0.22509225092250923 0.58125 0.015375153751537515 0.01875
29 0.22539975399753998 0.6125 0.014760147601476014 0.0171875
28 0.5067650676506765 0.580859375 0.014145141451414513 0.0203125
21 0.23462484624846247 0.6640625 0.03567035670356704 0.01015625
21 0.23554735547355474 0.721875 0.03567035670356704 0.01015625
21 0.23493234932349324 0.780078125 0.03690036900369004 0.01171875
31 0.4523370233702337 0.865625 0.04858548585485855 0.0109375
17 0.39698646986469865 0.866015625 0.05043050430504305 0.01171875
34 0.3508610086100861 0.86640625 0.03136531365313653 0.0125
25 0.2029520295202952 0.966796875 0.03075030750307503 0.03984375
30 0.29858548585485856 0.9671875 0.0910209102091021 0.0265625