12 0.4537264537264537 0.058203125 0.04095004095004095 0.00859375
12 0.7108927108927109 0.083203125 0.04176904176904177 0.01015625
28 0.5868140868140869 0.24296875 0.020475020475020474 0.02109375
0 0.5 0.4546875 0.45454545454545453 0.08515625
22 0.5004095004095004 0.7296875 0.633087633087633 0.4078125
21 0.764946764946765 0.576171875 0.0343980343980344 0.0078125
23 0.7477477477477478 0.586328125 0.06961506961506962 0.009375
19 0.7477477477477478 0.641015625 0.07043407043407043 0.00859375
33 0.7231777231777232 0.652734375 0.11957411957411958 0.00859375
26 0.7747747747747747 0.685546875 0.013923013923013924 0.01484375
29 0.7743652743652744 0.708203125 0.014742014742014743 0.0140625
28 0.49344799344799345 0.685546875 0.014742014742014743 0.0140625
21 0.7637182637182637 0.74765625 0.036036036036036036 0.00703125
23 0.7473382473382474 0.75859375 0.07125307125307126 0.00703125
23 0.7473382473382474 0.802734375 0.07125307125307126 0.0078125
23 0.7477477477477478 0.84609375 0.07043407043407043 0.0078125
31 0.547911547911548 0.898828125 0.049959049959049956 0.00859375
17 0.6031941031941032 0.898828125 0.04914004914004914 0.00859375
34 0.6490581490581491 0.898828125 0.031122031122031123 0.00859375
25 0.7968877968877969 0.975 0.031122031122031123 0.03046875
30 0.6998361998361998 0.975390625 0.09172809172809172 0.0203125