9 0.9860769860769861 0.77734375 0.013923013923013924 0.04453125
5 0.9631449631449631 0.698828125 0.02375102375102375 0.203125
5 0.9623259623259623 0.7859375 0.018018018018018018 0.015625
32 0.9340704340704341 0.49453125 0.031122031122031123 0.575
8 0.9312039312039312 0.21953125 0.009009009009009009 0.021875
17 0.9316134316134316 0.30703125 0.020475020475020474 0.0875
4 0.9316134316134316 0.4078125 0.018837018837018837 0.08671875
12 0.9307944307944308 0.48515625 0.011466011466011465 0.03984375
11 0.9307944307944308 0.57890625 0.009828009828009828 0.03125
10 0.9316134316134316 0.688671875 0.009009009009009009 0.04765625
11 0.8644553644553644 0.295703125 0.0171990171990172 0.0734375
5 0.8042588042588042 0.500390625 0.02457002457002457 0.48125
5 0.8038493038493039 0.721484375 0.0171990171990172 0.0171875
12 0.26044226044226043 0.544140625 0.009009009009009009 0.040625
12 0.08722358722358722 0.544140625 0.009828009828009828 0.040625
12 0.07166257166257166 0.298046875 0.009009009009009009 0.03984375
2 0.7895167895167895 0.96640625 0.07780507780507781 0.02109375