3 0.47174447174447176 0.012890625 0.6887796887796888 0.02578125
30 0.7772317772317773 0.01171875 0.07698607698607698 0.0171875
9 0.20925470925470926 0.036328125 0.04668304668304668 0.01328125
5 0.2915642915642916 0.058203125 0.21294021294021295 0.02265625
5 0.20024570024570024 0.058984375 0.01638001638001638 0.0171875
32 0.5057330057330057 0.0859375 0.6027846027846028 0.0296875
8 0.7940212940212941 0.088671875 0.02293202293202293 0.00859375
17 0.7022932022932022 0.08828125 0.09172809172809172 0.01953125
4 0.5966420966420967 0.08828125 0.09090909090909091 0.01796875
12 0.5155610155610155 0.0890625 0.04176904176904177 0.0109375
11 0.41728091728091726 0.0890625 0.03276003276003276 0.009375
10 0.3022113022113022 0.08828125 0.049959049959049956 0.00859375
11 0.7141687141687142 0.15234375 0.07698607698607698 0.01640625
5 0.4995904995904996 0.209765625 0.5045045045045045 0.0234375
5 0.2678132678132678 0.21015625 0.018018018018018018 0.01640625
12 0.4537264537264537 0.728515625 0.042588042588042586 0.00859375
12 0.4537264537264537 0.89375 0.042588042588042586 0.009375
12 0.7117117117117117 0.90859375 0.04176904176904177 0.00859375
2 0.011056511056511056 0.223828125 0.022113022113022112 0.07421875