3 0.5283947583947585 0.0128515625 0.6891564291564292 0.025703125
30 0.22285012285012287 0.0119140625 0.07665847665847668 0.016867187500000002
9 0.7905978705978707 0.0361953125 0.046994266994267085 0.013265625000000003
5 0.7085831285831286 0.058273437500000004 0.21264537264537273 0.022890625000000008
5 0.7999180999180999 0.058828124999999995 0.016158886158886172 0.017390624999999993
32 0.49434889434889434 0.085984375 0.6023996723996724 0.029937499999999995
8 0.20593775593775593 0.0886171875 0.023267813267813242 0.00882812500000001
17 0.29765765765765767 0.0882890625 0.09147420147420142 0.019164062500000002
4 0.4032186732186733 0.088125 0.0905405405405405 0.01773437499999999
12 0.48428337428337426 0.0892265625 0.04178542178542177 0.0111328125
11 0.5828665028665029 0.0890625 0.03266175266175275 0.00970312499999999
10 0.6976412776412777 0.08839843750000001 0.05016380016380016 0.008390625000000007
11 0.2856756756756757 0.1522734375 0.07672399672399668 0.01608593749999998
5 0.5002866502866503 0.20971875 0.5047993447993447 0.023468749999999972
5 0.7322194922194922 0.21000000000000002 0.017895167895167822 0.016765625000000027
12 0.5464537264537265 0.728421875 0.0428091728091728 0.008820312499999972
12 0.5464537264537265 0.8935625 0.0428091728091728 0.009312500000000057
12 0.2883865683865684 0.9085000000000001 0.04180999180999177 0.0083984375
2 0.9890335790335789 0.22389062499999998 0.02192465192465191 0.07420312500000001