12 0.5462817362817363 0.05822656249999998 0.041310401310401354 0.008835937499999957
12 0.2891318591318591 0.08307031249999994 0.04215397215397217 0.010164062500000171
28 0.413013923013923 0.2429609375 0.020245700245700268 0.021031250000000057
0 0.5 0.4548671875 0.45466830466830477 0.08536718749999998
22 0.49957411957411957 0.7295234374999999 0.6327190827190827 0.40777343749999984
21 0.23524160524160526 0.5760624999999999 0.0343734643734644 0.007546874999999886
23 0.25244062244062243 0.5864765625 0.06949221949221951 0.0095703125
19 0.2522194922194922 0.6410312499999999 0.07051597051597054 0.00860937500000034
33 0.27693693693693694 0.6526328124999999 0.11922194922194917 0.008828125000000141
26 0.225020475020475 0.6854296874999999 0.013931203931203924 0.014515624999999944
29 0.22545454545454544 0.7082109375000002 0.014807534807534842 0.014101562500000142
28 0.5066584766584766 0.6856015625000002 0.014914004914004944 0.014171875000000255
21 0.23629811629811628 0.7475937500000001 0.03575757575757573 0.007187499999999858
23 0.25265356265356265 0.7584296875 0.07139230139230136 0.007257812499999972
23 0.25284193284193285 0.802671875 0.07103194103194105 0.007968749999999858
23 0.25207207207207205 0.84603125 0.07022113022113023 0.007625000000000171
31 0.45214578214578216 0.8987734374999998 0.049754299754299756 0.0086171874999998
17 0.3968386568386569 0.8987734374999998 0.04939393939393944 0.0086171874999998
34 0.35112203112203116 0.8989140625 0.030999180999181017 0.008898437500000255
25 0.20296478296478296 0.9749453124999998 0.031162981162981124 0.03069531249999997
30 0.3000491400491401 0.9754999999999999 0.09168714168714172 0.020664062499999858