12 0.9631449631449631 0.544140625 0.009009009009009009 0.0390625
12 0.9369369369369369 0.298828125 0.010647010647010647 0.03984375
28 0.7694512694512694 0.4171875 0.022113022113022112 0.01953125
0 0.5475020475020475 0.5 0.08927108927108927 0.43359375
22 0.2592137592137592 0.499609375 0.4275184275184275 0.60390625
21 0.4201474201474201 0.247265625 0.00819000819000819 0.0328125
23 0.4095004095004095 0.263671875 0.009828009828009828 0.06640625
19 0.3521703521703522 0.263671875 0.009009009009009009 0.0671875
33 0.33988533988533987 0.287109375 0.009009009009009009 0.1140625
26 0.30548730548730546 0.2375 0.015561015561015561 0.01328125
29 0.28173628173628174 0.23828125 0.014742014742014743 0.0140625
28 0.30548730548730546 0.50625 0.014742014742014743 0.0140625
21 0.24037674037674037 0.2484375 0.007371007371007371 0.034375
23 0.22891072891072892 0.2640625 0.007371007371007371 0.06796875
23 0.18263718263718265 0.2640625 0.00819000819000819 0.06796875
23 0.13718263718263718 0.263671875 0.00819000819000819 0.0671875
31 0.0819000819000819 0.454296875 0.009009009009009009 0.04765625
17 0.0819000819000819 0.4015625 0.009009009009009009 0.046875
34 0.0819000819000819 0.3578125 0.009009009009009009 0.0296875
25 0.009009009009009009 0.21640625 0.018018018018018018 0.0296875
30 0.006142506142506142 0.309375 0.012285012285012284 0.0875