17 0.2969723865877712 0.18776562499999994 0.1687278106508876 0.02192187499999996
10 0.2594181459566075 0.2518437499999999 0.04863905325443792 0.006742187500000085
16 0.27887573964497037 0.287484375 0.08674556213017755 0.008031250000000156
26 0.40615384615384614 0.41657031250000004 0.01377712031558188 0.011882812500000029
21 0.420138067061144 0.765296875 0.04823471400394474 0.007382812499999858
20 0.4582445759368837 0.8126562499999999 0.10011834319526626 0.008351562499999687
31 0.5851183431952662 0.8540859375000001 0.05634122287968452 0.007703124999999744
34 0.5312031558185404 0.8542421874999999 0.0352662721893491 0.0080312499999998
4 0.49979289940828403 0.868375 0.13943786982248518 0.010593750000000313
33 0.5006015779092702 0.9101171874999998 0.1564595660749508 0.011882812500000029
25 0.455 0.9685546875 0.028777120315581804 0.024085937499999942
30 0.5283629191321499 0.9683984375000001 0.06039447731755425 0.012203124999999915
28 0.5316962524654832 0.9442968749999998 0.012613412228796809 0.009703125000000057
27 0.5080966469428009 0.9440156250000001 0.012248520710059243 0.010843750000000086
29 0.48520710059171596 0.9435859375 0.012613412228796809 0.012273437500000029
26 0.46232741617357004 0.9435859375 0.008648915187376708 0.011703124999999658
22 0.4996351084812623 0.8610546875 0.48074950690335305 0.27789062499999984