3 0.5032544378698226 0.006859374999999999 0.6136489151873767 0.013718749999999998
30 0.231163708086785 0.006171875 0.0631163708086785 0.01175
32 0.5188461538461538 0.076921875 0.7091222879684418 0.017867187500000003
16 0.2731656804733728 0.0797109375 0.08273175542406311 0.009445312500000002
4 0.37005917159763313 0.07956250000000001 0.0976429980276134 0.007382812499999991
15 0.5875049309664695 0.07956250000000001 0.0667061143984222 0.007968749999999991
17 0.7265976331360947 0.07941406250000001 0.1954437869822486 0.008671874999999996
12 0.8528895463510848 0.0792421875 0.03963510848126238 0.007179687499999999
1 0.5374161735700198 0.21381250000000002 0.9088362919132149 0.24976562499999994
16 0.49980276134122287 0.37039062500000003 0.17435897435897443 0.016085937500000026
5 0.4986094674556213 0.5078125 0.7535798816568048 0.0212890625
15 0.4994477317554241 0.8153750000000001 0.12823471400394473 0.014968749999999887