3 0.4965483234714004 0.99296875 0.6134122287968442 0.0140625
30 0.7687376725838264 0.99375 0.0631163708086785 0.01171875
32 0.4812623274161736 0.923046875 0.7090729783037475 0.01796875
16 0.7268244575936884 0.9203125 0.08284023668639054 0.009375
4 0.6301775147928994 0.9203125 0.09763313609467456 0.00703125
15 0.41272189349112426 0.9203125 0.0670611439842209 0.0078125
17 0.27317554240631164 0.920703125 0.1952662721893491 0.00859375
12 0.14694280078895464 0.920703125 0.03944773175542406 0.00703125
1 0.4625246548323471 0.786328125 0.9092702169625246 0.25
16 0.5 0.6296875 0.17455621301775148 0.01640625
5 0.5014792899408284 0.4921875 0.7534516765285996 0.02109375
15 0.5004930966469427 0.184765625 0.1282051282051282 0.01484375