17 0.703155818540434 0.812109375 0.16863905325443787 0.021875
10 0.7406311637080868 0.748046875 0.048323471400394474 0.00703125
16 0.7209072978303748 0.7125 0.08678500986193294 0.0078125
26 0.5936883629191322 0.58359375 0.013806706114398421 0.01171875
21 0.5798816568047337 0.234765625 0.048323471400394474 0.00703125
20 0.5419132149901381 0.1875 0.10059171597633136 0.00859375
31 0.41469428007889547 0.14609375 0.05621301775147929 0.0078125
34 0.46893491124260356 0.145703125 0.03550295857988166 0.0078125
4 0.5 0.131640625 0.1390532544378698 0.0109375
33 0.4995069033530572 0.08984375 0.15680473372781065 0.01171875
25 0.5448717948717948 0.03125 0.028599605522682446 0.02421875
30 0.4714003944773176 0.031640625 0.0601577909270217 0.0125
28 0.46844181459566075 0.055859375 0.01282051282051282 0.009375
27 0.4921104536489152 0.055859375 0.011834319526627219 0.0109375
29 0.514792899408284 0.05625 0.01282051282051282 0.0125
26 0.5374753451676528 0.05625 0.008875739644970414 0.01171875
22 0.5004930966469427 0.1390625 0.480276134122288 0.278125