22 0.5002604166666667 0.5680628272251309 0.6348958333333333 0.8596858638743455
21 0.23463541666666668 0.8900523560209425 0.0359375 0.015706806282722512
23 0.253125 0.8675392670157068 0.07083333333333333 0.016753926701570682
19 0.2520833333333333 0.7539267015706806 0.06979166666666667 0.020942408376963352
33 0.27734375 0.7287958115183246 0.1203125 0.019895287958115182
26 0.22552083333333334 0.6607329842931937 0.0140625 0.02931937172774869
29 0.22578125 0.6120418848167539 0.014583333333333334 0.030366492146596858
28 0.5067708333333333 0.6607329842931937 0.015104166666666667 0.032460732984293195
21 0.234375 0.5293193717277487 0.0359375 0.018848167539267015
23 0.25234375 0.5073298429319372 0.07083333333333333 0.014659685863874346
21 0.23541666666666666 0.437696335078534 0.035416666666666666 0.018848167539267015
23 0.2520833333333333 0.41518324607329843 0.0703125 0.016753926701570682
21 0.2359375 0.34554973821989526 0.0359375 0.015706806282722512
23 0.25234375 0.3230366492146597 0.06979166666666667 0.01780104712041885
31 0.4518229166666667 0.2099476439790576 0.049479166666666664 0.01780104712041885
17 0.39791666666666664 0.2094240837696335 0.05 0.018848167539267015
34 0.35130208333333335 0.21151832460732983 0.03125 0.018848167539267015
30 0.29921875 0.050261780104712044 0.090625 0.040837696335078534
25 0.203125 0.049214659685863874 0.030729166666666665 0.060732984293193716