3 0.51484375 0.9738219895287958 0.6630208333333333 0.05235602094240838
30 0.22291666666666668 0.9738219895287958 0.07447916666666667 0.03455497382198953
9 0.7903645833333334 0.925130890052356 0.046875 0.018848167539267015
5 0.7088541666666667 0.8764397905759163 0.21354166666666666 0.050261780104712044
5 0.8 0.875392670157068 0.016145833333333335 0.03455497382198953
32 0.49192708333333335 0.8209424083769633 0.5979166666666667 0.060732984293193716
8 0.20598958333333334 0.8141361256544503 0.021354166666666667 0.015706806282722512
17 0.2981770833333333 0.8130890052356021 0.09166666666666666 0.039790575916230364
4 0.40338541666666666 0.8136125654450261 0.09166666666666666 0.03664921465968586
12 0.484375 0.8120418848167539 0.04375 0.01780104712041885
11 0.5841145833333333 0.8130890052356021 0.030729166666666665 0.019895287958115182
10 0.69765625 0.8130890052356021 0.05 0.023036649214659685
17 0.30625 0.7382198952879581 0.0546875 0.020942408376963352
16 0.39765625 0.5900523560209424 0.109375 0.027225130890052355
17 0.3106770833333333 0.6869109947643979 0.12864583333333332 0.040837696335078534
10 0.37994791666666666 0.3586387434554974 0.07552083333333333 0.02617801047120419
0 0.5005208333333333 0.11413612565445026 0.4552083333333333 0.12146596858638743
2 0.9895833333333334 0.5272251308900524 0.020833333333333332 0.15602094240837697