22 0.5002604166666667 0.4321570680628273 0.6347916666666668 0.8592041884816753
21 0.23463020833333334 0.1101047120418849 0.03571354166666663 0.01563350785340297
23 0.253078125 0.13243979057591626 0.07094791666666668 0.016649214659685958
19 0.2520364583333333 0.24602094240837702 0.06969791666666669 0.02054450261780093
33 0.27725000000000005 0.2710366492146596 0.12012500000000005 0.02021989528795806
26 0.22552604166666665 0.33952879581151835 0.013838541666666693 0.029612565445026388
29 0.22577604166666668 0.38796858638743453 0.014677083333333308 0.030806282722513165
28 0.50665625 0.33936125654450255 0.015307291666666719 0.03263874345549746
21 0.23442187499999997 0.4707225130890052 0.03613541666666666 0.018356020942408586
23 0.25239062500000004 0.4924712041884816 0.07070833333333333 0.014795811518324722
21 0.23530729166666667 0.562282722513089 0.035249999999999976 0.01832460732984293
23 0.25196874999999996 0.5848481675392669 0.07051562499999993 0.016774869109947625
21 0.23585416666666664 0.6543350785340315 0.035703124999999974 0.01575916230366511
23 0.252453125 0.6767015706806283 0.06954687499999998 0.01770680628272236
31 0.451875 0.7902198952879582 0.04927604166666662 0.01787434554973839
17 0.39781249999999996 0.7904607329842933 0.05011979166666668 0.018345549738219877
34 0.35129166666666667 0.7887015706806283 0.031234375000000016 0.018732984293193585
30 0.29913020833333337 0.949979057591623 0.09068750000000006 0.0405340314136126
25 0.20316666666666666 0.9505549738219895 0.03093229166666666 0.06114136125654437