3 0.51484375 0.02617801047120419 0.6630208333333333 0.05235602094240838
30 0.22292708333333333 0.025979057591623035 0.07461979166666666 0.034073298429319374
9 0.7904739583333333 0.07483769633507853 0.04677083333333343 0.018387434554973825
5 0.7088958333333333 0.1234869109947644 0.21340104166666668 0.0502408376963351
5 0.8001302083333334 0.12435602094240837 0.016177083333333304 0.03454450261780106
32 0.49203645833333337 0.17910994764397906 0.59765625 0.061172774869109964
8 0.20611458333333335 0.18597905759162306 0.021468750000000016 0.016020942408376974
17 0.29815104166666667 0.1870785340314136 0.09163541666666669 0.040010471204188464
4 0.403484375 0.18631413612565445 0.09183854166666663 0.036303664921465986
12 0.4842447916666667 0.1878324607329843 0.04398958333333335 0.017539267015706805
11 0.5840416666666666 0.1867434554973822 0.030958333333333362 0.019727748691099452
10 0.6977291666666667 0.18706806282722513 0.050036458333333415 0.02256544502617802
17 0.306234375 0.26174869109947646 0.05464583333333337 0.021424083769633485
16 0.3976770833333333 0.40973821989528797 0.10952083333333332 0.027329842931937198
17 0.31057291666666664 0.3129947643979058 0.1284114583333333 0.04104712041884821
10 0.38005208333333335 0.6414764397905759 0.0753541666666667 0.02624083769633502
0 0.5004479166666667 0.8859895287958115 0.4550052083333333 0.12179057591623031
2 0.98965625 0.4727539267015707 0.020682291666666686 0.1563246073298429