12 0.28851388132825256 0.971875 0.04246053347849755 0.0140625
0 0.5005443658138269 0.833203125 0.4589003810560697 0.1359375
22 0.5 0.4125 0.633097441480675 0.6296875
26 0.2250952640174197 0.471875 0.014697876973326075 0.021875
29 0.2250952640174197 0.43828125 0.014153511159499184 0.021875
28 0.5065323897659227 0.47265625 0.015242242787152967 0.02265625
27 0.5068045726728362 0.437890625 0.015242242787152967 0.021875
21 0.2357103973870441 0.6515625 0.03647250952640174 0.01171875
23 0.25313010342950465 0.61875 0.07131192161132281 0.0109375
20 0.2534022863364181 0.553125 0.07457811649428416 0.01484375
19 0.2528579205225912 0.5359375 0.0724006532389766 0.01484375
33 0.27708219923788785 0.5203125 0.11921611322808928 0.015625
21 0.2351660315732172 0.37890625 0.037016875340228635 0.0140625
23 0.2525857376156777 0.23046875 0.06913445835601524 0.0125
31 0.45209580838323354 0.151171875 0.05062602068590093 0.01171875
17 0.39765922700054435 0.151171875 0.050081654872074034 0.01328125
34 0.35084376701143166 0.150390625 0.03320631464344039 0.0125
25 0.20277626565051715 0.0375 0.031573217201959713 0.0453125
30 0.29912901469787695 0.037109375 0.09090909090909091 0.03203125