12 0.2884376701143168 0.028140624999999985 0.042607512248230804 0.013742187500000114
0 0.500609689711486 0.1667031250000001 0.45901469787697335 0.13628906249999986
22 0.4999891126837235 0.5874062500000001 0.6330103429504628 0.6299218750000002
26 0.22518780620577028 0.5280312500000001 0.014529123571039769 0.022054687500000014
29 0.22501360914534568 0.5616796875000001 0.014180729450190502 0.021812500000000058
28 0.5066575939031029 0.52715625 0.015449101796407246 0.022804687500000042
27 0.5068753402286337 0.5622421875000001 0.015013609145345632 0.021687500000000172
21 0.2357757212847033 0.3484999999999999 0.036570495372890616 0.011890624999999844
23 0.2531954273271639 0.38108593749999997 0.0714207947740882 0.010773437499999972
20 0.2534131736526946 0.4467499999999999 0.07446924333151876 0.014546874999999914
19 0.25293413173652696 0.4642578125 0.07264017419706045 0.014546874999999914
33 0.27707131192161133 0.4797656249999999 0.11916167664670664 0.015554687499999886
21 0.2351660315732172 0.6210156250000001 0.03709308655416439 0.014179687499999715
23 0.2525421883505716 0.7695234374999999 0.06924333151878065 0.012335937499999972
31 0.45202504082743605 0.8487578124999999 0.05082743603701694 0.011984375000000113
17 0.39765922700054435 0.8489453125 0.050141535111594936 0.013609375000000057
34 0.35095808383233534 0.8494453125 0.03341861731083293 0.012609375000000256
25 0.20289058247142078 0.9624765624999998 0.03137724550898203 0.04512500000000017
30 0.29925421883505715 0.9629765625000001 0.09093630919978223 0.03204687500000034