3 0.5215949918345129 0.019187499999999996 0.6770549809471965 0.0383671875
30 0.22321720195971695 0.0168125 0.07456722917800764 0.024984374999999996
9 0.7917474142623844 0.0533671875 0.049526401741970615 0.017789062500000008
5 0.7089657049537288 0.0885859375 0.21394665215024494 0.0346875
5 0.8002123026673925 0.088171875 0.01768100163309745 0.025624999999999988
32 0.4919923788786064 0.12898437499999998 0.6005117038649974 0.042851562500000016
8 0.20459989112683724 0.13248437500000002 0.02345672291780078 0.01241406249999999
17 0.2987534022863364 0.134109375 0.09271638541099615 0.028695312500000014
4 0.4031192161132281 0.13248437500000002 0.09168209036472513 0.025437500000000002
12 0.48390310288513877 0.1323203125 0.04348938486663043 0.01534374999999999
11 0.5825421883505716 0.1323984375 0.032133913990201525 0.013882812499999985
10 0.6970495372890583 0.13370312499999998 0.05252585737615666 0.016484375000000016
5 0.5000979858464889 0.31677343750000003 0.5044801306477953 0.03309375000000001
5 0.7325421883505716 0.31555468750000004 0.016924333151878142 0.023812500000000014
12 0.5462602068590092 0.9392734375 0.0412084921066956 0.011765624999999957
12 0.6018726183995645 0.5504609375 0.04244964616222102 0.013585937500000079
2 0.988987479586282 0.336953125 0.022019597169297668 0.11331249999999997