3 0.5215024496461622 0.980859375 0.6771910724006532 0.03828125
30 0.2231899836690256 0.983203125 0.07457811649428416 0.025
9 0.7917800762112139 0.946484375 0.04953728905824714 0.01796875
5 0.7090364725095264 0.911328125 0.21393576483396842 0.034375
5 0.8002177463255308 0.91171875 0.017419706042460535 0.02578125
32 0.49210669569951004 0.87109375 0.6004354926510616 0.04296875
8 0.20468154599891128 0.867578125 0.023407729994556342 0.0125
17 0.2988568317909635 0.866015625 0.09254218835057158 0.02890625
4 0.40310288513881326 0.867578125 0.0914534567229178 0.02578125
12 0.4839412084921067 0.867578125 0.043549265106151334 0.015625
11 0.5824714207947741 0.867578125 0.032117583015786606 0.0140625
10 0.6970604246053348 0.86640625 0.0522591181273816 0.01640625
5 0.5 0.683203125 0.5046271094175285 0.0328125
5 0.7324442025040827 0.684375 0.016875340228633642 0.0234375
12 0.5462710941752857 0.060546875 0.04137180185084377 0.01171875
12 0.6017964071856288 0.449609375 0.04246053347849755 0.01328125
2 0.9891126837234622 0.662890625 0.021774632553075667 0.11328125