3 0.5120636285468615 0.012210937500000001 0.6551504729148754 0.0244140625
30 0.2240756663800516 0.011875 0.0748151332760103 0.014515624999999999
9 0.7906706792777299 0.0346015625 0.045812553740326716 0.008023437499999998
5 0.7089767841788478 0.0561640625 0.21250214961306954 0.022062500000000006
5 0.7995012897678418 0.056421874999999996 0.008280309544282122 0.008523437499999998
2 0.9890283748925194 0.2131328125 0.021943250214961293 0.07121093749999999
11 0.2958469475494411 0.11835156250000001 0.03311263972484952 0.008023437499999985
32 0.49427343078245917 0.0822421875 0.6021754084264833 0.029085937499999992
8 0.20504729148753223 0.08449999999999999 0.02152192605331043 0.008523437499999998
17 0.29888220120378334 0.08499999999999999 0.09217540842648327 0.0175546875
4 0.40429922613929486 0.08449999999999999 0.09217540842648327 0.016546875000000006
12 0.4832330180567498 0.08475 0.04360275150472918 0.010031250000000002
11 0.583688736027515 0.08449999999999999 0.030361134995700728 0.007523437499999996
10 0.6979363714531385 0.08499999999999999 0.05464316423043848 0.010531249999999992
5 0.5000687876182287 0.40671093750000004 0.5055889939810834 0.02106250000000003
5 0.732433361994841 0.40721875 0.009931212381771241 0.010031249999999936
12 0.5467067927773002 0.726921875 0.04139294926913164 0.007523437500000086
12 0.28784178847807396 0.7344453125 0.042502149613069605 0.008523437500000064