5 0.9879621668099742 0.309765625 0.02407566638005159 0.19296875
5 0.9883920894239037 0.227734375 0.009458297506448839 0.0078125
2 0.8155631986242476 0.055859375 0.07824591573516768 0.0203125
11 0.9200343938091143 0.685546875 0.008598452278589854 0.03046875
32 0.9595872742906277 0.505078125 0.03181427343078246 0.546875
8 0.9574376612209802 0.76796875 0.009458297506448839 0.01953125
17 0.9565778159931212 0.6828125 0.018916595012897677 0.08359375
4 0.9574376612209802 0.587109375 0.018056749785038694 0.08359375
12 0.9570077386070507 0.515234375 0.01117798796216681 0.03984375
11 0.9574376612209802 0.423828125 0.008598452278589854 0.02734375
10 0.9565778159931212 0.3203125 0.01117798796216681 0.05
5 0.6027515047291487 0.5 0.023215821152192607 0.459375
5 0.6023215821152192 0.288671875 0.01117798796216681 0.009375
12 0.25021496130696474 0.457421875 0.008598452278589854 0.0375
12 0.24204643164230438 0.692578125 0.009458297506448839 0.03828125