12 0.9896818572656921 0.6921875 0.010318142734307825 0.0375
0 0.529664660361135 0.500390625 0.08942390369733448 0.41328125
22 0.23731728288907997 0.50078125 0.43852106620808257 0.5734375
23 0.38091143594153054 0.724609375 0.007738607050730868 0.06328125
21 0.4036973344797936 0.740234375 0.007738607050730868 0.03203125
20 0.3349097162510748 0.723828125 0.009458297506448839 0.0671875
19 0.3233018056749785 0.724609375 0.008598452278589854 0.0640625
33 0.31212381771281167 0.703125 0.009458297506448839 0.109375
26 0.27858985382631124 0.749609375 0.014617368873602751 0.01328125
29 0.2545141874462597 0.74921875 0.015477214101461736 0.01328125
28 0.27858985382631124 0.49375 0.014617368873602751 0.0140625
27 0.2549441100601892 0.49375 0.014617368873602751 0.0125
31 0.05417024935511608 0.543359375 0.009458297506448839 0.04453125
17 0.05460017196904557 0.593359375 0.008598452278589854 0.0453125
34 0.055460017196904556 0.635546875 0.009458297506448839 0.02890625
23 0.15606190885640583 0.72421875 0.007738607050730868 0.0640625
21 0.12166809974204643 0.740625 0.009458297506448839 0.03203125