12 0.5464316423043852 0.04235937500000002 0.04195184866723987 0.007523437500000086
12 0.2886672398968186 0.05514843749999994 0.040842648323301804 0.009023437500000142
0 0.4995098882201203 0.47289843749999994 0.4548065348237318 0.08124218749999983
22 0.49927773000859843 0.7386953125000002 0.6311521926053311 0.3987031250000001
23 0.25276870163370596 0.6083437499999998 0.06940670679277733 0.007156249999999887
21 0.235786758383491 0.5875468749999999 0.0354428202923474 0.0067109375000001135
20 0.2535081685296646 0.6501640625 0.07383490971625108 0.008500000000000086
19 0.25276870163370596 0.6606718749999999 0.07039552880481514 0.008046875000000142
33 0.27664660361134996 0.670734375 0.12011177987962171 0.008500000000000086
26 0.22535683576956145 0.7011328124999998 0.014565778159931259 0.013601562499999886
29 0.2257695614789338 0.7231953125 0.014565778159931259 0.014335937500000284
28 0.5067583834909717 0.7013203125 0.015778159931212305 0.013234374999999687
27 0.5067583834909717 0.7228281249999998 0.014161650902837513 0.013601562499999886
31 0.4523387790197765 0.9049765624999999 0.04936371453138442 0.008820312499999972
17 0.39731728288907997 0.904609375 0.050171969045571814 0.008085937500000284
34 0.35098882201203785 0.9040624999999999 0.031960447119518454 0.008453124999999773
23 0.25307824591573513 0.8123359375 0.07080825451418747 0.007351562499999886
21 0.23527085124677558 0.8435859375 0.03520206362854691 0.008820312499999972
25 0.2033104041272571 0.9762968749999998 0.0319604471195185 0.028671874999999857