12 0.6004135338345865 0.02022656250000008 0.043182957393483754 0.0064531250000001705
11 0.2852005012531329 0.07750000000000004 0.07285714285714284 0.014007812499999873
16 0.37533834586466164 0.32524218749999995 0.05216791979949874 0.013843749999999844
0 0.4988220551378446 0.7475234374999999 0.4568170426065164 0.06010937499999969
22 0.5000375939849624 0.8754140625000002 0.6315413533834586 0.1631875000000001
21 0.23533834586466168 0.8260546874999999 0.03641604010025063 0.006539062499999915
23 0.2517543859649123 0.8329296875000001 0.07096491228070174 0.005960937500000085
20 0.2538847117794486 0.861375 0.07352130325814539 0.005539062500000113
19 0.25223057644110275 0.8688046875000002 0.06934837092731827 0.005546875000000284
33 0.27617794486215536 0.876078125 0.12151629072681708 0.006289062500000142
26 0.2249498746867168 0.8977734375 0.015651629072681715 0.010421875000000113
27 0.5066165413533834 0.8974843750000001 0.014674185463659194 0.009304687499999886
31 0.45265664160401003 0.9340468749999999 0.049749373433584015 0.007085937499999773
17 0.3974185463659148 0.93396875 0.049924812030075226 0.006398437499999687
34 0.35052631578947374 0.9341015625000001 0.03273182957393484 0.006132812500000284
25 0.20230576441102757 0.9834531250000002 0.03165413533834585 0.01993750000000034
30 0.29873433583959896 0.9841718749999998 0.09342105263157889 0.013406249999999887