3 0.5181328320802006 0.008328125 0.6703132832080199 0.01665625
30 0.22280701754385968 0.007773437499999999 0.07370927318295739 0.012421874999999999
9 0.7909899749373434 0.02378125 0.04743107769423548 0.006562499999999999
5 0.7084962406015037 0.038593749999999996 0.21241854636591478 0.0161484375
5 0.799624060150376 0.0386328125 0.011102756892230451 0.006562500000000004
32 0.49145363408521303 0.056757812500000004 0.6026691729323308 0.019640624999999988
8 0.20500000000000002 0.057648437500000003 0.022619047619047632 0.0059765625000000044
17 0.2976065162907268 0.0579453125 0.08989974937343359 0.012515625000000008
4 0.4040977443609023 0.057984375 0.09322055137844609 0.011843749999999997
12 0.4841478696741855 0.0580546875 0.043659147869674224 0.007539062500000004
11 0.5828947368421052 0.057835937500000004 0.03387218045112778 0.005609375000000005
10 0.6970676691729323 0.057460937499999996 0.05136591478696743 0.006351562499999996
1 0.5000751879699248 0.144578125 0.9998370927318295 0.1585
2 0.9897619047619048 0.1466953125 0.020476190476190374 0.04771874999999999
12 0.5469423558897243 0.8905312500000001 0.04333333333333338 0.0067812499999998724