3 0.518170426065163 0.991796875 0.6704260651629073 0.01640625
30 0.22305764411027568 0.9921875 0.07393483709273183 0.0125
9 0.7907268170426065 0.976171875 0.047619047619047616 0.00625
5 0.7086466165413534 0.961328125 0.21303258145363407 0.01640625
5 0.7994987468671679 0.961328125 0.011278195488721804 0.00625
32 0.49122807017543857 0.943359375 0.6027568922305765 0.01953125
8 0.20488721804511278 0.9421875 0.022556390977443608 0.00625
17 0.2976190476190476 0.9421875 0.09022556390977443 0.0125
4 0.4041353383458647 0.9421875 0.09273182957393483 0.01171875
12 0.4843358395989975 0.941796875 0.043859649122807015 0.0078125
11 0.5827067669172933 0.9421875 0.03383458646616541 0.00546875
10 0.6973684210526315 0.942578125 0.05137844611528822 0.00625
1 0.5 0.85546875 1 0.15859375
2 0.9899749373433584 0.853125 0.020050125313283207 0.04765625
12 0.5469924812030075 0.109375 0.043859649122807015 0.00703125