12 0.600250626566416 0.9796875 0.042606516290726815 0.00625
11 0.2850877192982456 0.92265625 0.07268170426065163 0.0140625
16 0.37531328320802004 0.674609375 0.05263157894736842 0.0140625
0 0.49874686716791977 0.25234375 0.4573934837092732 0.06015625
22 0.5 0.124609375 0.631578947368421 0.16328125
21 0.23558897243107768 0.173828125 0.03634085213032581 0.00625
23 0.2518796992481203 0.1671875 0.07142857142857142 0.00625
20 0.25375939849624063 0.138671875 0.07393483709273183 0.00546875
19 0.2525062656641604 0.13125 0.06892230576441102 0.00546875
33 0.27631578947368424 0.123828125 0.12155388471177944 0.00625
26 0.224937343358396 0.10234375 0.015037593984962405 0.01015625
27 0.5068922305764411 0.10234375 0.015037593984962405 0.009375
31 0.4523809523809524 0.066015625 0.05012531328320802 0.00703125
17 0.39724310776942356 0.066015625 0.05012531328320802 0.00625
34 0.35025062656641603 0.066015625 0.03258145363408521 0.00625
25 0.20238095238095238 0.01640625 0.03132832080200501 0.0203125
30 0.29887218045112784 0.016015625 0.09398496240601503 0.01328125