3 0.5055729166666667 0.02074459567654123 0.6448125 0.03923138510808647
30 0.22305208333333332 0.018959167333867093 0.07367187500000003 0.026293034427542036
9 0.7904531250000001 0.05784627702161729 0.04675000000000011 0.01306645316253002
5 0.7087395833333333 0.0946597277822258 0.21177604166666672 0.0355324259407526
5 0.7996875 0.09514011208967174 0.00847916666666677 0.01593274619695757
32 0.49228125000000006 0.13854283426741393 0.5981666666666666 0.04909527622097678
8 0.20485937499999998 0.1432666132906325 0.022192708333333342 0.013018414731785421
17 0.29752083333333335 0.14283426741393115 0.09018229166666672 0.027902321857486007
4 0.40265625 0.14388310648518815 0.08857291666666664 0.030008006405124115
12 0.48432291666666666 0.14239391513210567 0.044593750000000064 0.014771817453963162
11 0.5834218750000001 0.14309847878302642 0.0331874999999999 0.016172938350680535
10 0.6978958333333334 0.14317854283426742 0.05026041666666667 0.014595676541233001
10 0.3057239583333333 0.20071257005604484 0.05190625000000004 0.015836669335468352
10 0.3106770833333333 0.24623698959167334 0.1267395833333333 0.029839871897518
8 0.25947916666666665 0.1999119295436349 0.023208333333333366 0.015988791032826282
5 0.5004739583333333 0.3384467574059248 0.5051458333333333 0.03883106485188151
5 0.7325989583333333 0.3387269815852682 0.012078125000000028 0.016869495596477223
2 0.9890625 0.3610888710968775 0.021875 0.11849479583666933