0 0.49972916666666667 0.3786869495596477 0.4539791666666666 0.13945556445156113
22 0.49928125000000007 0.6933066453162531 0.629046875 0.40134507606084846
21 0.23493229166666665 0.5713290632506004 0.03473437499999997 0.013074459567654064
23 0.25206770833333336 0.5900400320256205 0.06834895833333335 0.010736589271417017
20 0.254125 0.6587510008006406 0.07378124999999998 0.013610888710968775
19 0.2521041666666667 0.6772057646116892 0.07040104166666665 0.011777421937550069
33 0.27659895833333337 0.6955004003202561 0.12006249999999999 0.012698158526821195
26 0.22561458333333334 0.749423538831065 0.014640625000000008 0.022273819055243962
27 0.506453125 0.7493354683746998 0.014140625000000047 0.02250600480384281
31 0.4525104166666667 0.8383026421136909 0.048822916666666674 0.014923939151321319
17 0.39784375 0.8384067253803043 0.04890104166666672 0.013090472377902613
34 0.3509010416666667 0.8386068855084068 0.03193229166666664 0.013498799039231122
25 0.20300520833333333 0.9597758206565254 0.031223958333333357 0.04686148919135288
30 0.2994114583333333 0.9598158526821456 0.09141666666666666 0.03369095276220971