3 0.18828125 0.5064051240992794 0.025520833333333333 0.9871897518014412
30 0.18697916666666667 0.0744595676541233 0.0171875 0.11289031224979984
9 0.2125 0.9463570856685348 0.008333333333333333 0.07205764611689351
5 0.23619791666666667 0.8210568454763811 0.022916666666666665 0.32586068855084066
5 0.23671875 0.9607686148919136 0.010416666666666666 0.012810248198558846
32 0.26484375 0.4879903923138511 0.03177083333333333 0.9191353082465973
8 0.26796875 0.04643714971977582 0.008333333333333333 0.0344275420336269
17 0.2677083333333333 0.18855084067253802 0.018229166666666668 0.13851080864691753
4 0.2682291666666667 0.35028022417934346 0.019270833333333334 0.13610888710968774
12 0.2674479166666667 0.47598078462770216 0.009375 0.0688550840672538
11 0.2677083333333333 0.6281024819855885 0.010416666666666666 0.051240992794235385
10 0.26796875 0.8042433947157727 0.009375 0.07686148919135308
10 0.30520833333333336 0.20136108887109688 0.010416666666666666 0.08006405124099279
10 0.33489583333333334 0.20896717373899118 0.019270833333333334 0.1945556445156125
8 0.3046875 0.1301040832666133 0.010416666666666666 0.036028823058446756
5 0.39479166666666665 0.5008006405124099 0.025 0.77662129703763
5 0.39505208333333336 0.8574859887910328 0.0109375 0.018414731785428344