0 0.42109375 0.49959967974379504 0.090625 0.6981585268214572
22 0.62578125 0.49879903923138513 0.2609375 0.967173738991193
21 0.5463541666666667 0.09247397918334668 0.008333333333333333 0.053642914331465175
23 0.55859375 0.1188951160928743 0.0067708333333333336 0.10488390712570056
20 0.6033854166666667 0.12209767814251402 0.008854166666666666 0.11369095276220977
19 0.6153645833333333 0.1188951160928743 0.0078125 0.10808646917534027
33 0.6270833333333333 0.1565252201761409 0.008333333333333333 0.18494795836669337
26 0.6622395833333333 0.07806244995996797 0.014583333333333334 0.02241793434747798
27 0.6622395833333333 0.5100080064051241 0.014583333333333334 0.021617293835068056
31 0.7200520833333334 0.42714171337069656 0.009895833333333333 0.07526020816653323
17 0.7200520833333334 0.34307445956765414 0.008333333333333333 0.07526020816653323
34 0.7203125 0.27061649319455566 0.008854166666666666 0.0488390712570056
25 0.79921875 0.043634907926341074 0.030729166666666665 0.04803843074459568
30 0.79921875 0.19175340272217775 0.021875 0.14091273018414732