3 0.4766949152542373 0.01015625 0.6779661016949152 0.01953125
30 0.7770127118644068 0.008984375 0.07521186440677965 0.0140625
9 0.20921610169491525 0.028125 0.04978813559322034 0.009375
32 0.5047669491525424 0.06640625 0.6091101694915254 0.02265625
8 0.7944915254237288 0.06875 0.022245762711864406 0.00703125
17 0.7023305084745762 0.068359375 0.09110169491525423 0.0140625
4 0.5963983050847458 0.068359375 0.09216101694915255 0.01328125
12 0.5153601694915254 0.06875 0.04343220338983051 0.01015625
11 0.4168432203389831 0.068359375 0.03072033898305085 0.00703125
10 0.3024364406779661 0.068359375 0.05190677966101695 0.0078125
1 0.5 0.171875 1 0.1890625
2 0.01059322033898305 0.1734375 0.0211864406779661 0.05703125
10 0.7086864406779662 0.446484375 0.0614406779661017 0.0078125
11 0.7203389830508474 0.515234375 0.038135593220338986 0.009375
16 0.444385593220339 0.469921875 0.08792372881355932 0.009375
12 0.711864406779661 0.809375 0.0413135593220339 0.00703125
12 0.4523305084745763 0.817578125 0.0423728813559322 0.00703125
12 0.399364406779661 0.941796875 0.0413135593220339 0.00703125