3 0.5234533898305085 0.0103515625 0.6776377118644068 0.019328124999999995
30 0.22313559322033896 0.0088671875 0.07545550847457629 0.014070312500000001
9 0.7907733050847457 0.027976562500000003 0.04986228813559315 0.009734375000000007
32 0.4953283898305085 0.066265625 0.6087288135593221 0.022882812499999995
8 0.20566737288135595 0.0687890625 0.022478813559322002 0.007296875000000003
17 0.2978813559322034 0.0682265625 0.09059322033898304 0.013703124999999993
4 0.4037182203389831 0.0684609375 0.09262711864406785 0.013234374999999998
12 0.4848199152542373 0.0686484375 0.043919491525423765 0.009843749999999995
11 0.5829766949152543 0.06836718750000001 0.030614406779661114 0.0073906250000000066
10 0.6976906779661017 0.068546875 0.051684322033898264 0.00774999999999999
1 0.5 0.17185937499999998 1 0.18921875
2 0.9893538135593221 0.1733125 0.021292372881355836 0.05667187500000002
10 0.2911970338983051 0.446375 0.06111228813559328 0.008078124999999936
11 0.2796398305084746 0.515421875 0.03798728813559323 0.009632812499999944
16 0.5554025423728813 0.469828125 0.08825211864406773 0.009687500000000071
12 0.28827330508474575 0.8093671875 0.04165254237288141 0.007062499999999972
12 0.547478813559322 0.81771875 0.042404661016949126 0.007062499999999972
12 0.6006567796610169 0.941734375 0.041154661016949055 0.006976562499999872