12 0.6011122881355933 0.06173437499999999 0.04205508474576276 0.005546874999999929
16 0.3729978813559322 0.250625 0.0479766949152542 0.017414062499999973
0 0.49866525423728814 0.6899765625000001 0.4567584745762713 0.0683359375000002
22 0.49978813559322033 0.84715625 0.6311864406779661 0.20316406250000013
21 0.23541313559322033 0.7841171875 0.03591101694915252 0.007093749999999943
20 0.2540677966101695 0.8264609374999999 0.07322033898305086 0.007820312500000171
19 0.25242584745762714 0.8346015625 0.0699258474576271 0.006906250000000114
33 0.2773834745762712 0.8436796874999999 0.11984110169491526 0.007367187500000228
26 0.22512711864406781 0.8692890625 0.01534957627118645 0.0115468749999998
29 0.22478813559322033 0.8867890625000001 0.01602754237288135 0.012164062499999772
28 0.506281779661017 0.8693906250000001 0.015307203389830557 0.011749999999999972
27 0.5061758474576271 0.8869687500000001 0.014417372881355946 0.010999999999999944
31 0.45166313559322036 0.9222265624999999 0.04939618644067796 0.007671874999999773
17 0.39643008474576275 0.9223046875000002 0.050709745762711866 0.006304687499999772
34 0.3499364406779661 0.9218984375000001 0.031790254237288124 0.007515624999999915
25 0.2025635593220339 0.9807890624999999 0.030932203389830496 0.02403125000000017
30 0.2997245762711864 0.9804609374999999 0.09404661016949149 0.016882812499999744