12 0.3988347457627119 0.06171875 0.0423728813559322 0.00546875
16 0.6271186440677966 0.25078125 0.04766949152542373 0.0171875
0 0.5015889830508474 0.68984375 0.4565677966101695 0.06796875
22 0.5 0.847265625 0.6313559322033898 0.203125
21 0.7648305084745762 0.783984375 0.036016949152542374 0.00703125
20 0.7457627118644068 0.8265625 0.07309322033898305 0.0078125
19 0.7473516949152542 0.834765625 0.06991525423728813 0.00703125
33 0.722457627118644 0.84375 0.11970338983050847 0.00703125
26 0.7748940677966102 0.869140625 0.014830508474576272 0.01171875
29 0.7754237288135594 0.88671875 0.015889830508474576 0.0125
28 0.4936440677966102 0.86953125 0.014830508474576272 0.01171875
27 0.4936440677966102 0.887109375 0.014830508474576272 0.0109375
31 0.5481991525423728 0.922265625 0.04978813559322034 0.0078125
17 0.6038135593220338 0.922265625 0.05084745762711865 0.00625
34 0.6498940677966102 0.921875 0.03177966101694915 0.0078125
25 0.7976694915254238 0.980859375 0.03072033898305085 0.02421875
30 0.7002118644067796 0.98046875 0.09427966101694915 0.0171875