3 0.47760416666666666 0.03102189781021898 0.6760416666666667 0.06204379562043796
9 0.20911458333333333 0.08698296836982969 0.04583333333333333 0.02068126520681265
32 0.5067708333333333 0.20985401459854014 0.6005208333333333 0.07177615571776155
8 0.79453125 0.2159367396593674 0.022395833333333334 0.021897810218978103
4 0.5966145833333333 0.21776155717761558 0.09270833333333334 0.04257907542579075
12 0.5161458333333333 0.2183698296836983 0.041666666666666664 0.02068126520681265
11 0.4158854166666667 0.2183698296836983 0.030729166666666665 0.02068126520681265
10 0.30182291666666666 0.21532846715328466 0.051041666666666666 0.029197080291970802
10 0.628125 0.4738442822384428 0.057291666666666664 0.025547445255474453
12 0.6315104166666666 0.690389294403893 0.04895833333333333 0.031630170316301706
0 0.5002604166666667 0.9829683698296837 0.4557291666666667 0.0340632603406326
2 0.010416666666666666 0.5474452554744526 0.020833333333333332 0.18126520681265207