0 0.49973958333333335 0.06508515815085159 0.4557291666666667 0.13017031630170317
22 0.50065625 0.5189294403892943 0.6303489583333334 0.6414598540145983
21 0.235 0.3192092457420926 0.03767187500000002 0.022603406326033974
23 0.25309375 0.34655717761557164 0.07260416666666665 0.021739659367396462
20 0.25390625 0.4517396593673965 0.07297916666666661 0.024403892944038864
19 0.25290625 0.47939172749391723 0.07097916666666665 0.01826034063260367
33 0.2771354166666667 0.507469586374696 0.12069270833333334 0.02763990267639878
26 0.225203125 0.5867883211678832 0.014161458333333361 0.032846715328467155
29 0.224953125 0.6433819951338199 0.015822916666666666 0.03454987834549889
28 0.506953125 0.5876277372262774 0.013541666666666667 0.03790754257907525
28 0.506375 0.642956204379562 0.015276041666666629 0.03540145985401449
31 0.45159374999999996 0.7542092457420925 0.04963541666666664 0.019695863746958704
34 0.35085416666666663 0.7546228710462286 0.03185937500000004 0.018844282238442558
25 0.20307291666666666 0.9392700729927006 0.030651041666666677 0.07392944038929439