0 0.5002604166666667 0.06508515815085159 0.4557291666666667 0.13017031630170317
22 0.49921875 0.5188564476885644 0.6302083333333334 0.6411192214111923
21 0.7651041666666667 0.3193430656934307 0.0375 0.023114355231143552
23 0.746875 0.3467153284671533 0.07239583333333334 0.021897810218978103
20 0.74609375 0.4519464720194647 0.07291666666666667 0.024330900243309004
19 0.7471354166666667 0.4793187347931874 0.07083333333333333 0.01824817518248175
33 0.7229166666666667 0.5072992700729927 0.12083333333333333 0.027980535279805353
26 0.7747395833333334 0.5869829683698297 0.0140625 0.032846715328467155
29 0.775 0.6435523114355232 0.015625 0.0340632603406326
28 0.49296875 0.5875912408759124 0.013541666666666667 0.037712895377128956
28 0.49375 0.6429440389294404 0.015104166666666667 0.03527980535279805
31 0.5484375 0.754257907542579 0.049479166666666664 0.019464720194647202
34 0.64921875 0.7548661800486618 0.03177083333333333 0.01824817518248175
25 0.796875 0.9391727493917275 0.030729166666666665 0.07420924574209246