3 0.5223177083333334 0.031082725060827248 0.6761822916666667 0.06215328467153285
9 0.7908333333333334 0.08681265206812652 0.04598437499999998 0.02092457420924573
32 0.493140625 0.2101094890510949 0.600296875 0.07153284671532847
8 0.20550520833333333 0.21610705596107055 0.022520833333333337 0.02208029197080289
4 0.4033697916666667 0.2175669099756691 0.09262499999999996 0.04256690997566911
12 0.48383333333333334 0.21815085158150851 0.041890625000000035 0.020328467153284648
11 0.584078125 0.21815085158150851 0.030734375000000112 0.020328467153284648
10 0.6981614583333333 0.2150851581508516 0.051005208333333246 0.028807785888077867
10 0.3719375 0.473941605839416 0.05731249999999998 0.025839416058394172
12 0.36849479166666665 0.6901338199513382 0.049171875000000045 0.031119221411192124
0 0.49973958333333335 0.9829683698296837 0.4557291666666667 0.0340632603406326
2 0.9894999999999999 0.547712895377129 0.021000000000000085 0.18102189781021893