16 0.6259289843104872 0.990234375 0.05284888521882741 0.01953125
0 0.5020644095788604 0.46015625 0.4591246903385632 0.1078125
22 0.500412881915772 0.18828125 0.6308835672997523 0.24609375
26 0.7741535920726672 0.155078125 0.014037985136251032 0.015625
34 0.6106523534269199 0.1 0.03137902559867878 0.00703125
17 0.5635838150289018 0.100390625 0.0495458298926507 0.00859375
31 0.5099091659785301 0.1 0.04789430222956235 0.0078125
21 0.7646573080099092 0.263671875 0.03633360858794385 0.0078125
23 0.7473162675474814 0.252734375 0.07018992568125516 0.00859375
19 0.7469033856317093 0.209765625 0.07018992568125516 0.00859375
33 0.7233691164327003 0.198828125 0.12138728323699421 0.009375
25 0.7968620974401321 0.025390625 0.03220478943022296 0.0296875
30 0.7014863748967796 0.024609375 0.09331131296449216 0.02109375