3 0.4838976052848885 0.0125 0.6639141205615194 0.025
30 0.7766308835672997 0.01171875 0.07349298100743187 0.015625
9 0.20850536746490503 0.0359375 0.04789430222956235 0.009375
5 0.29190751445086704 0.05859375 0.2138728323699422 0.02265625
5 0.20066061106523533 0.058984375 0.011560693641618497 0.0109375
32 0.5078447563996696 0.085546875 0.6052848885218828 0.03046875
8 0.7943848059454995 0.08828125 0.022295623451692816 0.00859375
17 0.7014863748967796 0.0875 0.08918249380677126 0.01796875
4 0.597440132122213 0.087890625 0.09000825763831544 0.01875
12 0.5156895127993394 0.0875 0.042113955408753095 0.01015625
11 0.4157720891824938 0.0875 0.03137902559867878 0.009375
10 0.30305532617671344 0.087109375 0.05119735755573906 0.01015625
1 0.5 0.219921875 1 0.23984375
2 0.010734929810074319 0.221875 0.021469859620148638 0.0734375
16 0.6259289843104872 0.99765625 0.05284888521882741 0.0046875