3 0.515962014863749 0.0125859375 0.66411230388109 0.025171875
30 0.22355078447564 0.0117421875 0.07372419488026422 0.015867187499999998
9 0.7915359207266721 0.03584375 0.047720891824938036 0.009109374999999998
5 0.708298926507019 0.0585703125 0.21419488026424433 0.022859374999999994
5 0.7995210569777044 0.0589921875 0.011189099917423579 0.011023437499999988
32 0.4921635012386457 0.085640625 0.6053509496284062 0.03047656249999999
8 0.20566473988439307 0.088109375 0.022436003303055292 0.008882812500000004
17 0.29853014037985137 0.0876171875 0.08878612716763004 0.017828124999999993
4 0.40243600330305535 0.0879765625 0.09030553261767127 0.0185546875
12 0.48427745664739885 0.08765625 0.04197357555739053 0.009789062500000001
11 0.5841701073492981 0.0876640625 0.031643270024772865 0.009062499999999996
10 0.6970437654830719 0.08703125 0.05110652353426928 0.010328124999999999
1 0.5 0.2200859375 1 0.2398359375
2 0.9892650701899257 0.221875 0.021469859620148638 0.0734375
16 0.3740710156895128 0.99765625 0.05284888521882741 0.0046875