16 0.3740710156895128 0.009765625 0.05284888521882741 0.01953125
0 0.4979686209744013 0.5400234375 0.45943848059455006 0.10813281249999988
22 0.4996531791907515 0.8116484374999999 0.6306688687035508 0.24578906249999974
26 0.22567299752270853 0.8449921875000002 0.01431874483897608 0.015656249999999972
34 0.3892650701899257 0.9001484375000001 0.03157720891824939 0.007343749999999716
17 0.4362262592898431 0.89959375 0.04917423616845579 0.008453124999999773
31 0.49010734929810074 0.9001093749999999 0.04791907514450865 0.0080078125
21 0.23536746490503713 0.736390625 0.036036333608587934 0.0076875000000001135
23 0.25249380677126343 0.7471484374999999 0.0702972749793559 0.0085703125000002
19 0.25303881090008257 0.79021875 0.06983484723369121 0.008515624999999716
33 0.27682906688687037 0.8011640624999998 0.12129644921552435 0.009031250000000313
25 0.2030057803468208 0.9746953125000001 0.03240297274979357 0.02989843750000034
30 0.2984558216350124 0.9754453125000001 0.09355078447563994 0.021382812499999914