3 0.544109375 0.028347732181425486 0.7174531250000001 0.05382289416846653
9 0.79034375 0.07829373650107992 0.046223958333333336 0.01926565874730022
5 0.708828125 0.1277645788336933 0.2120364583333334 0.05097192224622029
32 0.49183333333333334 0.18526997840172788 0.6024895833333334 0.0627537796976242
8 0.20494270833333333 0.1925917926565875 0.02407291666666668 0.017375809935205155
4 0.4036822916666667 0.1925917926565875 0.09155208333333333 0.03658747300215982
12 0.4842135416666667 0.192829373650108 0.04441666666666665 0.024578833693304526
11 0.5834375 0.19355291576673864 0.03305208333333335 0.019298056155507563
10 0.6979479166666667 0.1924730021598272 0.05133333333333331 0.019535637149028052
10 0.37966145833333337 0.6612526997840174 0.07476562499999997 0.02316414686825059
16 0.39945833333333336 0.851036717062635 0.10741145833333335 0.0161879049676026
0 0.4986979166666667 0.9406047516198704 0.4546875 0.11879049676025918
2 0.9894010416666668 0.48786177105831535 0.021197916666666573 0.16356371490280783