12 0.28932530120481925 0.018039062499999935 0.04497590361445788 0.005515624999999957
0 0.4984096385542169 0.7381093750000002 0.45465060240963856 0.05911718750000006
22 0.5003614457831326 0.8708515625000001 0.6311204819277109 0.16993750000000035
31 0.49109638554216867 0.9317187499999999 0.04927710843373491 0.006390625000000228
17 0.4354578313253012 0.9311796874999999 0.051325301204819304 0.006921874999999744
34 0.3892650602409638 0.9313125 0.031204819277108407 0.005593749999999886
25 0.2028433734939759 0.9833671875000001 0.031204819277108407 0.020765624999999944
30 0.2993373493975903 0.9828359375000002 0.0944457831325301 0.014374999999999716
26 0.2250240963855422 0.8937734375000002 0.01478313253012046 0.009851562499999744
28 0.5071084337349397 0.8932421875 0.015602409638554271 0.010382812499999972
23 0.25273493975903616 0.8264062500000001 0.07185542168674697 0.005593749999999886
19 0.25273493975903616 0.8490390624999999 0.07103614457831323 0.006656250000000341
33 0.27655421686746984 0.8566328124999998 0.11866265060240964 0.005859375