3 0.5295180722891566 0.008203125 0.6951807228915663 0.01640625
30 0.22312048192771083 0.007929687500000001 0.07734939759036143 0.011578125
9 0.7903493975903615 0.02421875 0.04826506024096379 0.007289062499999999
5 0.7086144578313253 0.03990625 0.2115060240963855 0.015312499999999996
5 0.7997951807228916 0.039578125 0.01708433734939767 0.011398437500000002
32 0.4920843373493976 0.0583125 0.6033614457831327 0.018890625000000005
8 0.20472289156626505 0.060101562500000004 0.026626506024096414 0.006843749999999993
17 0.29816867469879516 0.059453124999999996 0.09495180722891566 0.013359374999999996
4 0.4049156626506024 0.060265625 0.09143373493975902 0.011078125000000005
12 0.48430120481927713 0.06059375 0.04320481927710845 0.007820312499999992
11 0.5830120481927711 0.060265625 0.03165060240963853 0.006515625000000002
10 0.6978072289156626 0.059781249999999994 0.05225301204819264 0.006843749999999993
1 0.5 0.1516015625 1 0.16468750000000004
2 0.9885542168674699 0.151953125 0.02289156626506024 0.05078125
16 0.37319277108433735 0.609328125 0.05106024096385542 0.014976562500000058
12 0.5476385542168675 0.9591171875000001 0.042542168674698864 0.0059140625000001276