3 0.9795996920708238 0.475390625 0.02617397998460354 0.6921875
30 0.9811393379522709 0.78125 0.016166281755196306 0.07421875
9 0.9553502694380293 0.205078125 0.008468052347959968 0.046875
8 0.8995381062355658 0.79921875 0.008468052347959968 0.0234375
32 0.903387220939184 0.508984375 0.02848344880677444 0.6125
5 0.9311008468052347 0.2875 0.02386451116243264 0.215625
5 0.930715935334873 0.1953125 0.016166281755196306 0.01640625
17 0.9003079291762894 0.7046875 0.01924557351809084 0.0921875
4 0.9003079291762894 0.5984375 0.01770592763664357 0.09296875
12 0.8995381062355658 0.515234375 0.011547344110854504 0.04453125
11 0.9003079291762894 0.415625 0.009237875288683603 0.03046875
10 0.8995381062355658 0.2984375 0.008468052347959968 0.05078125
1 0.7594303310238645 0.5 0.25635103926096997 1
2 0.7582755966127791 0.00703125 0.07698229407236336 0.0140625
16 0.32525019245573517 0.626171875 0.02155504234026174 0.04921875