3 0.5242494226327945 0.01328125 0.6820631254811393 0.0265625
30 0.2228637413394919 0.01171875 0.0731331793687452 0.01640625
9 0.7906081601231717 0.037890625 0.046189376443418015 0.00859375
8 0.20515781370284836 0.09453125 0.023094688221709007 0.00859375
32 0.4911470361816782 0.090625 0.6035411855273287 0.02890625
5 0.7093918398768283 0.0625 0.21247113163972287 0.02421875
5 0.8002309468822171 0.062890625 0.016166281755196306 0.01640625
17 0.298306389530408 0.09375 0.09083910700538876 0.01953125
4 0.40300230946882215 0.09375 0.09160892994611239 0.01796875
12 0.48498845265588914 0.09453125 0.04387990762124711 0.01171875
11 0.5831408775981525 0.09375 0.03002309468822171 0.009375
10 0.6986143187066974 0.09453125 0.05003849114703618 0.00859375
1 0.5 0.236328125 1 0.26015625
2 0.9892224788298691 0.2375 0.02155504234026174 0.078125
16 0.3756735950731332 0.67734375 0.04849884526558892 0.021875