3 0.5242494226327945 0.01328125 0.6820631254811393 0.0265625
30 0.22278675904541953 0.011734375 0.07349499615088531 0.016171874999999995
9 0.790423402617398 0.0378125 0.046250962278675846 0.008867187499999995
8 0.20531177829099306 0.0946640625 0.023125481139337923 0.008867187499999995
32 0.49131639722863746 0.09075 0.6033487297921478 0.02921093749999999
5 0.7092224788298691 0.062328125 0.21276366435719793 0.024515624999999996
5 0.8001847575057737 0.06284375 0.01644341801385691 0.016171874999999992
17 0.298337182448037 0.0936171875 0.09096227867590452 0.01929687499999999
4 0.40291762894534255 0.09361718749999999 0.09147806004618932 0.018257812500000005
12 0.4851501154734411 0.0946640625 0.044195535026943865 0.011992187499999996
11 0.5830484988452656 0.0938828125 0.030323325635104002 0.009390625000000008
10 0.6984295612009238 0.0943984375 0.05036181678214016 0.008343750000000006
1 0.5 0.236328125 1 0.26015625
2 0.9892224788298691 0.2375 0.02155504234026174 0.078125
16 0.3755350269438029 0.6774218750000001 0.0487682832948422 0.021781250000000085