0 0.4996923969820081 0.4376093750000001 0.4528670922809054 0.12007031250000004
22 0.501213000580383 0.7217890624999999 0.6308415554265816 0.36817968749999963
21 0.2358038305281486 0.6067734375 0.03633197910621011 0.013429687499999687
23 0.2523795705165409 0.6215546875000001 0.07104468949506673 0.0115468749999998
19 0.25358676726639584 0.6680781249999999 0.07112013929193266 0.012398437499999915
33 0.2771271038885665 0.6829609375000001 0.120545560069646 0.012820312499999886
26 0.2254497968659315 0.761015625 0.014074289030760303 0.02014843749999997
29 0.22506094022054554 0.7938203125000001 0.01485200232153223 0.020789062499999744
28 0.5064712710388857 0.761015625 0.0148926291352293 0.02014843749999997
31 0.4885258270458503 0.8575703125 0.048287869994196195 0.013125000000000142
17 0.43330237957051654 0.8576250000000002 0.0491468369123622 0.012187500000000285
34 0.387266395821242 0.8572031249999998 0.031021474172954176 0.011343750000000341
25 0.20323273360417876 0.9643906250000001 0.031125943122460822 0.043414062499999774
30 0.29934997098084737 0.9642890625 0.09104468949506668 0.02853125000000034