0 0.5002901915264074 0.4375 0.4526987811955891 0.1203125
22 0.4988392338943703 0.721875 0.6308763784097504 0.36796875
21 0.7640742890307604 0.606640625 0.03656413232733604 0.01328125
23 0.7475333720255368 0.621484375 0.07080673244341265 0.01171875
19 0.7463726059199072 0.66796875 0.0713871154962275 0.0125
33 0.7228670922809054 0.6828125 0.12071967498549042 0.0125
26 0.7745211839814278 0.7609375 0.013929193267556587 0.0203125
29 0.7748113755078352 0.79375 0.015089959373186303 0.02109375
28 0.4936157864190366 0.7609375 0.015089959373186303 0.0203125
31 0.5116076610562972 0.857421875 0.0481717933836332 0.01328125
17 0.5667440510737086 0.8578125 0.04933255948926291 0.0125
34 0.6125943122460824 0.85703125 0.030760301799187463 0.01171875
25 0.7968659315147998 0.964453125 0.03134068485200232 0.04375
30 0.7005223447475334 0.964453125 0.09112013929193268 0.02890625