0 0.5464306442251886 0.500390625 0.0893789901334881 0.609375
22 0.3351712130005804 0.4984375 0.273360417875798 0.84921875
21 0.4207777132907719 0.85546875 0.009866511897852582 0.04921875
23 0.4097504352872896 0.833203125 0.008705745792222866 0.0953125
19 0.3752176436448056 0.831640625 0.009286128845037725 0.09609375
33 0.3641903656413233 0.8 0.009286128845037725 0.1625
26 0.3061520603598375 0.86953125 0.015089959373186303 0.01875
29 0.2817759721416135 0.869921875 0.01567034242600116 0.0203125
28 0.3061520603598375 0.49140625 0.015089959373186303 0.0203125
31 0.23447475333720255 0.515625 0.009866511897852582 0.06484375
17 0.2341845618107951 0.58984375 0.009286128845037725 0.06640625
34 0.23476494486361 0.6515625 0.008705745792222866 0.04140625
25 0.15496227510156704 0.899609375 0.03250145095763204 0.0421875
30 0.15496227510156704 0.769921875 0.021474172954149738 0.12265625