3 0.4849100406268137 0.018359375 0.6598955310504934 0.034375
9 0.20951828206616366 0.049609375 0.0481717933836332 0.01328125
32 0.5075449796865932 0.119921875 0.600116076610563 0.0421875
8 0.7951247823563552 0.125390625 0.021474172954149738 0.015625
17 0.7008125362739408 0.124609375 0.09053975623911782 0.02578125
4 0.5957632037144516 0.124609375 0.09112013929193268 0.02578125
12 0.5153801508995938 0.12578125 0.04178757980266976 0.015625
11 0.4164248403946605 0.12578125 0.030760301799187463 0.0171875
10 0.3023795705165409 0.125390625 0.05165409170052235 0.0140625
5 0.291642484039466 0.0828125 0.21242019733023795 0.0296875
5 0.20052234474753336 0.083984375 0.009286128845037725 0.01484375
16 0.6825304701102728 0.17421875 0.0742890307603018 0.01484375
16 0.66366802089379 0.2171875 0.1758560650029019 0.02734375
5 0.4994196169471851 0.296875 0.5043528728961114 0.03125
5 0.2678467788740569 0.296484375 0.01044689495066744 0.01484375
2 0.010156703424260012 0.31640625 0.020313406848520024 0.1046875
30 0.7762623331398724 0.017578125 0.07312826465467208 0.0234375