3 0.8578061520603598 0.4796875 0.025536854323853744 0.88828125
9 0.8345908299477656 0.108984375 0.009866511897852582 0.06484375
32 0.7823563551944284 0.51015625 0.03134068485200232 0.8078125
8 0.7782936738247244 0.897265625 0.011607661056297156 0.02890625
17 0.7788740568775392 0.7703125 0.019152640742890307 0.121875
4 0.7788740568775392 0.62890625 0.019152640742890307 0.12265625
12 0.7780034822983168 0.520703125 0.011607661056297156 0.05625
11 0.7780034822983168 0.3875 0.012768427161926872 0.04140625
10 0.7782936738247244 0.233984375 0.01044689495066744 0.06953125
5 0.809924550203134 0.21953125 0.022054556006964595 0.2859375
5 0.8090539756239118 0.096875 0.011027278003482298 0.0125
16 0.7423099245502032 0.745703125 0.011027278003482298 0.1
16 0.7100986651189786 0.7203125 0.020313406848520024 0.23671875
5 0.650899593731863 0.49921875 0.023215322112594312 0.67890625
5 0.6511897852582704 0.1875 0.011027278003482298 0.0140625
30 0.8583865351131746 0.871875 0.017411491584445733 0.0984375