3 0.5149854904236797 0.018234375 0.6598200812536273 0.034515625
9 0.7904933255948926 0.0498046875 0.04788740568775404 0.013039062499999999
32 0.49250725478816015 0.11978906250000002 0.600348229831689 0.04235156249999998
8 0.20501450957632036 0.1252421875 0.021741149158444596 0.01582812499999999
17 0.29923969820081253 0.12467187500000002 0.09050493325594895 0.026078124999999997
4 0.404219384793964 0.12467187500000002 0.09134068485200239 0.026078124999999997
12 0.48460824143935 0.12596875000000002 0.04176436448055719 0.01566406250000001
11 0.5835461404526988 0.12589062499999998 0.03051073708647717 0.017132812500000004
10 0.6975972141613465 0.1253203125 0.05189204875217635 0.014359374999999997
5 0.7084968078932096 0.082953125 0.2125420777713291 0.030007812499999998
5 0.7995124782356355 0.08395312499999999 0.009053975623911728 0.015164062499999997
16 0.31744631456761463 0.1740234375 0.07429483459082994 0.014749999999999996
16 0.3363203714451538 0.21703125 0.1756355194428322 0.02720312500000004
5 0.5006384213580963 0.2967421875 0.5042774230992456 0.031468749999999976
5 0.7321009866511898 0.29646875 0.010354033662217148 0.014874999999999972
2 0.9897388276262333 0.3164609375 0.020522344747533446 0.10445312499999995
30 0.22362739408009286 0.017671875 0.07340104468949508 0.0234296875