0 0.5002604166666667 0.31174957118353347 0.4546875 0.1457975986277873
26 0.22526041666666666 0.70926243567753 0.015625 0.024013722126929673
29 0.22526041666666666 0.7482847341337907 0.015104166666666667 0.026586620926243566
28 0.5065104166666666 0.7084048027444254 0.014583333333333334 0.025728987993138937
31 0.48802083333333335 0.8267581475128645 0.0484375 0.017152658662092625
34 0.38697916666666665 0.8276157804459692 0.03333333333333333 0.018010291595197257
25 0.20338541666666668 0.9558319039451115 0.03125 0.04974271012006861
21 0.23515625 0.5192967409948542 0.0359375 0.0137221269296741
23 0.25338541666666664 0.5385934819897084 0.0703125 0.015437392795883362
19 0.25234375 0.5951972555746141 0.07083333333333333 0.012864493996569469
33 0.27682291666666664 0.6153516295025729 0.11979166666666667 0.018010291595197257
22 0.5002604166666667 0.6599485420240138 0.6317708333333333 0.45454545454545453