0 0.5001822916666667 0.3115523156089194 0.4546093750000001 0.14591766723842184
26 0.225359375 0.7091938250428818 0.015526041666666638 0.023962264150943442
29 0.2251510416666667 0.7483619210977703 0.015109374999999996 0.02672384219554038
28 0.5065625 0.7084219554030875 0.014656250000000053 0.025506003430531544
31 0.4879947916666667 0.8267838765008578 0.048453124999999986 0.016955403087478935
34 0.38708333333333333 0.8274699828473413 0.03334374999999999 0.018327615780445877
25 0.20340104166666664 0.9558490566037736 0.03107291666666665 0.050068610634648465
21 0.23523958333333334 0.5194596912521441 0.03602604166666665 0.013361921097770091
23 0.25335416666666666 0.5386535162950257 0.0704375 0.015763293310463215
19 0.25230729166666666 0.5951029159519726 0.07107291666666668 0.013233276157804319
33 0.276703125 0.6154974271012007 0.11986458333333326 0.018036020583190565
22 0.5002708333333333 0.6597770154373928 0.6318541666666666 0.45432246998284753