0 0.6143229166666667 0.4995711835334477 0.08854166666666667 0.7487135506003431
26 0.3729166666666667 0.9524013722126929 0.014583333333333334 0.025728987993138937
29 0.34921875 0.9524013722126929 0.016145833333333335 0.024871355060034305
28 0.3734375 0.4892795883361921 0.015625 0.024013722126929673
31 0.3015625 0.5197255574614065 0.010416666666666666 0.0797598627787307
34 0.30104166666666665 0.6861063464837049 0.0109375 0.0548885077186964
25 0.22291666666666668 0.9811320754716981 0.030208333333333334 0.03773584905660377
21 0.48828125 0.9361063464837049 0.008333333333333333 0.05917667238421955
23 0.4765625 0.9060891938250428 0.009375 0.11578044596912522
19 0.4421875 0.9078044596912521 0.0078125 0.11663807890222985
33 0.42994791666666665 0.8674957118353345 0.0109375 0.19725557461406518
22 0.40260416666666665 0.5 0.2760416666666667 1