0 0.49947916666666664 0.06508515815085159 0.453125 0.13017031630170317
22 0.5000989583333334 0.5179197080291971 0.629765625 0.6384306569343066
26 0.22575520833333332 0.586508515815085 0.014947916666666691 0.035936739659367355
28 0.5066979166666666 0.586508515815085 0.015848958333333368 0.035936739659367355
29 0.22548437500000001 0.6427980535279807 0.013619791666666655 0.03319951338199509
31 0.4875833333333333 0.7543552311435522 0.0496979166666667 0.023905109489051207
34 0.3871041666666667 0.7523357664233578 0.031302083333333286 0.02354014598540135
25 0.20283854166666665 0.9390997566909977 0.03257812499999998 0.07313868613138673
21 0.23577604166666666 0.31843065693430656 0.03570833333333336 0.01658150851581522
23 0.25283854166666664 0.34530413625304124 0.07235937499999998 0.02111922141119237
19 0.2525 0.4251216545012166 0.07168749999999999 0.01739659367396616
33 0.27718750000000003 0.4523965936739658 0.11937500000000002 0.02272506082725041