3 0.5145833333333333 0.03102189781021898 0.6645833333333333 0.06204379562043796
9 0.7906197916666666 0.08698296836982969 0.04779687499999999 0.021727493917274954
32 0.49064583333333334 0.2102676399026764 0.5995 0.06998783454987838
8 0.20521354166666667 0.21757907542579075 0.022828125000000022 0.022846715328467188
4 0.40490624999999997 0.21689781021897808 0.09284895833333333 0.0458759124087591
12 0.48365104166666667 0.21784671532846714 0.04389583333333332 0.028807785888077867
11 0.583734375 0.21689781021897808 0.03298437499999996 0.02420924574209243
10 0.698078125 0.215 0.04827604166666669 0.02582725060827253
10 0.37214583333333334 0.47221411192214113 0.056322916666666716 0.03368613138686138
16 0.3967291666666667 0.635425790754258 0.11013020833333335 0.03233576642335757
12 0.3687239583333334 0.6908394160583942 0.052958333333333364 0.03208029197080279
0 0.49947916666666664 0.9817518248175182 0.453125 0.0364963503649635
2 0.9896354166666667 0.5485036496350365 0.020723958333333313 0.17989051094890526