0 0.5005208333333333 0.06508515815085159 0.453125 0.13017031630170317
22 0.5 0.517639902676399 0.6296875 0.6386861313868614
26 0.77421875 0.5863746958637469 0.015104166666666667 0.0364963503649635
28 0.49322916666666666 0.5863746958637469 0.015625 0.0364963503649635
29 0.7744791666666667 0.6429440389294404 0.013541666666666667 0.032846715328467155
31 0.5125 0.754257907542579 0.049479166666666664 0.024330900243309004
34 0.6130208333333333 0.7524330900243309 0.03125 0.023114355231143552
25 0.7971354166666667 0.9391727493917275 0.0328125 0.072992700729927
21 0.7643229166666666 0.31873479318734793 0.0359375 0.0170316301703163
23 0.7471354166666667 0.34549878345498786 0.07239583333333334 0.02068126520681265
19 0.7473958333333334 0.4251824817518248 0.071875 0.0170316301703163
33 0.7229166666666667 0.45255474452554745 0.11927083333333334 0.023114355231143552