3 0.48541666666666666 0.03102189781021898 0.6645833333333333 0.06204379562043796
9 0.209375 0.08698296836982969 0.04791666666666667 0.021897810218978103
32 0.509375 0.21046228710462286 0.5994791666666667 0.0705596107055961
8 0.7947916666666667 0.21776155717761558 0.022916666666666665 0.023114355231143552
4 0.5950520833333334 0.21715328467153286 0.09270833333333334 0.046228710462287104
12 0.51640625 0.21776155717761558 0.04375 0.029197080291970802
11 0.4161458333333333 0.21715328467153286 0.0328125 0.024330900243309004
10 0.30182291666666666 0.21472019464720193 0.0484375 0.025547445255474453
10 0.6278645833333333 0.4720194647201946 0.05625 0.0340632603406326
16 0.6033854166666667 0.6356447688564477 0.10989583333333333 0.032846715328467155
12 0.63125 0.6909975669099757 0.053125 0.031630170316301706
0 0.5005208333333333 0.9817518248175182 0.453125 0.0364963503649635
2 0.010416666666666666 0.5486618004866181 0.020833333333333332 0.18004866180048662