12 0.2885550458715596 0.1238203125 0.041666666666666664 0.009273437499999915
12 0.5465825688073395 0.43028125 0.040428134556575006 0.010960937500000156
0 0.49935015290519874 0.550421875 0.45335626911314986 0.09357812500000015
22 0.4995565749235474 0.7784765624999999 0.6294954128440367 0.30013281250000007
34 0.35930428134556575 0.8929218750000001 0.031353211009174306 0.008851562499999943
17 0.40488532110091746 0.8931328125 0.049915902140672756 0.008429687499999972
31 0.4607798165137615 0.8929218750000001 0.04950305810397553 0.009695312499999886
26 0.22543577981651378 0.8193593750000001 0.013616207951070295 0.014335937500000284
29 0.22503058103975535 0.8440234375 0.01443425076452599 0.014750000000000086
28 0.5063608562691132 0.8193593750000001 0.015259938837920517 0.015171875000000057
27 0.5063608562691132 0.843390625 0.014434250764526077 0.016015625
21 0.23533639143730886 0.6798359375 0.03506116207951071 0.008429687499999972
23 0.2520489296636086 0.7034375 0.07178134556574922 0.009273437499999915
20 0.2530810397553517 0.7498125000000002 0.07301223241590214 0.008429687499999972
19 0.2522553516819572 0.7734140624999999 0.07218654434250761 0.007585937500000028
33 0.27659021406727824 0.7850078125 0.12003822629969418 0.011382812499999773
25 0.20337155963302753 0.9740703125 0.030527522935779778 0.031195312500000228
30 0.298868501529052 0.9740703125 0.09116207951070338 0.022765625000000254