12 0.7113914373088684 0.876171875 0.04128440366972477 0.009375
12 0.4533639143730887 0.56953125 0.040519877675840976 0.0109375
0 0.5007645259938838 0.449609375 0.4533639143730887 0.09375
22 0.5003822629969419 0.221484375 0.6292048929663608 0.3
34 0.6406727828746177 0.10703125 0.03134556574923547 0.00859375
17 0.5951834862385321 0.10703125 0.04969418960244648 0.00859375
31 0.5393730886850153 0.10703125 0.04969418960244648 0.009375
26 0.7744648318042814 0.18046875 0.013761467889908258 0.0140625
29 0.7748470948012233 0.155859375 0.01452599388379205 0.01484375
28 0.49350152905198774 0.18046875 0.01529051987767584 0.01484375
27 0.49350152905198774 0.156640625 0.01452599388379205 0.015625
21 0.764525993883792 0.3203125 0.035168195718654434 0.00859375
23 0.7480886850152905 0.296484375 0.07186544342507645 0.009375
20 0.7469418960244648 0.25 0.07339449541284404 0.00859375
19 0.7477064220183486 0.2265625 0.07186544342507645 0.0078125
33 0.7232415902140673 0.21484375 0.12003058103975535 0.01171875
25 0.7966360856269113 0.02578125 0.03058103975535168 0.03125
30 0.7010703363914373 0.02578125 0.09097859327217125 0.02265625