3 0.5091743119266054 0.014453125 0.6574923547400612 0.02890625
30 0.22247706422018348 0.012890625 0.0764525993883792 0.01484375
9 0.7916666666666666 0.039453125 0.04510703363914373 0.0109375
9 0.7090978593272171 0.0625 0.21253822629969418 0.025
9 0.7996941896024465 0.062890625 0.01834862385321101 0.01796875
32 0.492737003058104 0.090234375 0.6009174311926605 0.028125
8 0.20489296636085627 0.094921875 0.020642201834862386 0.0109375
17 0.297782874617737 0.09375 0.09174311926605505 0.01875
4 0.4029051987767584 0.09375 0.09021406727828746 0.01796875
12 0.48432721712538224 0.094921875 0.04281345565749235 0.01171875
11 0.5848623853211009 0.094921875 0.03134556574923547 0.01015625
10 0.6972477064220184 0.0953125 0.05122324159021407 0.01015625
11 0.2962538226299694 0.13359375 0.03211009174311927 0.01015625
11 0.28593272171253825 0.162109375 0.07492354740061162 0.01953125
2 0.9892966360856269 0.23984375 0.021406727828746176 0.0796875
5 0.5003822629969419 0.247265625 0.503822629969419 0.0234375
5 0.7324159021406728 0.246875 0.016055045871559634 0.01875
12 0.5462538226299695 0.55 0.04128440366972477 0.0078125
12 0.2886085626911315 0.55 0.04128440366972477 0.009375
12 0.5462538226299695 0.879296875 0.04281345565749235 0.00859375