3 0.5092125382262996 0.01428125 0.6572859327217125 0.0285625
30 0.22249999999999998 0.012742187499999998 0.07630733944954124 0.014671875000000001
9 0.7917660550458716 0.039375 0.045328746177370004 0.010804687499999998
9 0.7090443425076453 0.062484375 0.21242354740061173 0.025226562499999994
9 0.7997553516819571 0.0627734375 0.018371559633027675 0.0176015625
32 0.492599388379205 0.09035156250000001 0.6005351681957186 0.02816406250000001
8 0.2049617737003058 0.09503906250000001 0.020665137614678877 0.010562499999999985
17 0.2979663608562691 0.0938671875 0.0918577981651376 0.018773437500000024
4 0.4027446483180428 0.0938671875 0.09013761467889915 0.01760156250000002
12 0.48427370030581035 0.09503906250000001 0.04305810397553512 0.011734374999999986
11 0.5847400611620795 0.09475 0.031574923547400574 0.009976562500000008
10 0.6972706422018349 0.0953359375 0.05109327217125377 0.009976562499999985
11 0.29624617737003056 0.13346875 0.03214831804281342 0.009976562499999985
11 0.28590978593272176 0.16221875 0.07463302752293578 0.019359374999999977
2 0.9894724770642201 0.239984375 0.02104740061162095 0.07966406250000002
5 0.50032874617737 0.24721875 0.5038302752293577 0.023273437499999973
5 0.7322706422018348 0.2470390625 0.016116207951070282 0.01861718750000003
12 0.5461697247706422 0.5498984375 0.04125382262996945 0.0080078125
12 0.2885550458715596 0.550109375 0.041666666666666664 0.009273437499999915
12 0.5463761467889908 0.8791171875 0.042492354740061106 0.008851562499999943