3 0.4908256880733945 0.985546875 0.6574923547400612 0.02890625
30 0.7775229357798165 0.987109375 0.0764525993883792 0.01484375
9 0.20833333333333334 0.960546875 0.04510703363914373 0.0109375
9 0.29090214067278286 0.9375 0.21253822629969418 0.025
9 0.20030581039755352 0.937109375 0.01834862385321101 0.01796875
32 0.507262996941896 0.909765625 0.6009174311926605 0.028125
8 0.7951070336391437 0.905078125 0.020642201834862386 0.0109375
17 0.702217125382263 0.90625 0.09174311926605505 0.01875
4 0.5970948012232415 0.90625 0.09021406727828746 0.01796875
12 0.5156727828746177 0.905078125 0.04281345565749235 0.01171875
11 0.4151376146788991 0.905078125 0.03134556574923547 0.01015625
10 0.30275229357798167 0.9046875 0.05122324159021407 0.01015625
11 0.7037461773700305 0.86640625 0.03211009174311927 0.01015625
11 0.7140672782874617 0.837890625 0.07492354740061162 0.01953125
2 0.010703363914373088 0.76015625 0.021406727828746176 0.0796875
5 0.4996177370030581 0.752734375 0.503822629969419 0.0234375
5 0.26758409785932724 0.753125 0.016055045871559634 0.01875
12 0.4537461773700306 0.45 0.04128440366972477 0.0078125
12 0.7113914373088684 0.45 0.04128440366972477 0.009375
12 0.4537461773700306 0.120703125 0.04281345565749235 0.00859375