3 0.5325443786982249 0.989453125 0.6932938856015779 0.01953125
30 0.22337278106508876 0.990234375 0.07297830374753451 0.0140625
9 0.7904339250493096 0.9703125 0.047337278106508875 0.00703125
5 0.7085798816568047 0.9515625 0.21400394477317555 0.01875
5 0.7998027613412229 0.95078125 0.016765285996055226 0.0125
32 0.4911242603550296 0.928515625 0.6035502958579881 0.02421875
8 0.20512820512820512 0.92578125 0.023668639053254437 0.00859375
17 0.2978303747534517 0.926171875 0.08974358974358974 0.0140625
4 0.40384615384615385 0.9265625 0.09270216962524655 0.015625
12 0.48422090729783035 0.925390625 0.04437869822485207 0.0078125
11 0.5833333333333334 0.926953125 0.03353057199211045 0.009375
10 0.6977317554240631 0.9265625 0.05128205128205128 0.009375
1 0.5 0.816015625 1 0.2046875
2 0.9896449704142012 0.81328125 0.020710059171597635 0.06015625
16 0.3742603550295858 0.482421875 0.05128205128205128 0.01875
16 0.3052268244575937 0.3859375 0.07790927021696252 0.009375
12 0.34368836291913213 0.20234375 0.045364891518737675 0.0078125