3 0.5324063116370809 0.0104765625 0.692810650887574 0.019914062500000003
30 0.2232248520710059 0.00965625 0.07335305719921104 0.013921875
9 0.7905226824457594 0.029726562499999998 0.047613412228796816 0.007148437500000005
5 0.708431952662722 0.04840625 0.21355029585798813 0.018453125000000004
5 0.8000098619329389 0.049101562499999994 0.017238658777120334 0.012890625
32 0.4912820512820514 0.0714375 0.6039842209072979 0.024539062499999997
8 0.20530571992110455 0.0740390625 0.023244575936883623 0.008898437500000012
17 0.2978599605522682 0.07373437499999999 0.0899013806706114 0.014375000000000004
4 0.4039546351084813 0.0733046875 0.09263313609467462 0.015242187499999994
12 0.4843984220907298 0.0744765625 0.04404339250493094 0.00803125
11 0.5830966469428008 0.07321875 0.03350098619329391 0.00915625
10 0.6976923076923077 0.0734296875 0.05168639053254446 0.009421875000000001
1 0.5 0.18409375 1 0.20484375000000005
2 0.9897731755424063 0.1866953125 0.020453648915187386 0.060484375000000014
16 0.3741913214990138 0.51740625 0.05156804733727807 0.01899999999999995
16 0.3054043392504931 0.6141796875 0.07839250493096647 0.009203124999999979
12 0.34375739644970416 0.7975156250000002 0.04551282051282049 0.008023437499999985