28 0.41361932938856016 0.3712578125 0.02050295857988162 0.01817187500000017
0 0.4986193293885602 0.5473828125000001 0.45591715976331354 0.07351562499999993
22 0.49941814595660744 0.7750625 0.6309072978303748 0.33921874999999985
21 0.23523668639053255 0.6476015624999999 0.036706114398422064 0.006562499999999716
23 0.25316568047337273 0.6655546874999999 0.06945759368836286 0.007249999999999801
20 0.25433925049309664 0.6936640624999999 0.07335305719921104 0.007874999999999943
19 0.25304733727810647 0.7022812500000001 0.07156804733727816 0.005960937500000085
33 0.2768343195266272 0.7115234375 0.12069033530571992 0.007757812500000227
26 0.22521696252465484 0.7387343749999999 0.014329388560157764 0.012132812499999802
29 0.22583826429980275 0.7580390625 0.015581854043392516 0.013054687500000028
28 0.5075049309664694 0.7390390624999998 0.014289940828402375 0.011507812499999659
27 0.5069921104536489 0.7575703125000001 0.014053254437869823 0.01151562499999983
21 0.23562130177514792 0.790625 0.03592702169625247 0.007187499999999858
21 0.23480276134122288 0.8263359375 0.035069033530571996 0.006953124999999716
21 0.2355818540433925 0.8630078125 0.03662721893491123 0.006781250000000227
23 0.25304733727810647 0.8358828124999998 0.07156804733727816 0.008132812499999887
23 0.2525838264299803 0.7998281250000001 0.0706311637080868 0.0070703125000001425
23 0.2520414201183432 0.8720624999999999 0.07109467455621304 0.0069687500000000565
31 0.4593885601577909 0.9160078124999999 0.05064102564102566 0.00899218750000017
17 0.40448717948717944 0.9161015625000001 0.05001972386587774 0.0073203124999999146
34 0.35824457593688364 0.91678125 0.03084812623274159 0.007445312499999801
25 0.202603550295858 0.9793984375000001 0.03148915187376727 0.024570312499999858
30 0.2999506903353057 0.9796796874999998 0.09440828402366866 0.017093750000000085