28 0.5862919132149902 0.62890625 0.020710059171597635 0.01796875
0 0.5014792899408284 0.452734375 0.4556213017751479 0.0734375
22 0.5004930966469427 0.225 0.631163708086785 0.3390625
21 0.764792899408284 0.35234375 0.03648915187376726 0.00625
23 0.7470414201183432 0.334375 0.06903353057199212 0.00703125
20 0.7455621301775148 0.30625 0.07297830374753451 0.0078125
19 0.7470414201183432 0.29765625 0.07199211045364892 0.00625
33 0.7233727810650887 0.28828125 0.1203155818540434 0.0078125
26 0.77465483234714 0.261328125 0.014792899408284023 0.0125
29 0.7741617357001972 0.241796875 0.015779092702169626 0.01328125
28 0.492603550295858 0.2609375 0.013806706114398421 0.01171875
27 0.4930966469428008 0.242578125 0.013806706114398421 0.01171875
21 0.7642998027613412 0.209375 0.03550295857988166 0.00703125
21 0.7652859960552268 0.173828125 0.03550295857988166 0.00703125
21 0.7642998027613412 0.137109375 0.03648915187376726 0.00703125
23 0.7470414201183432 0.1640625 0.07199211045364892 0.0078125
23 0.747534516765286 0.2 0.07100591715976332 0.00703125
23 0.7480276134122288 0.128125 0.07100591715976332 0.00703125
31 0.5404339250493096 0.083984375 0.05029585798816568 0.009375
17 0.5956607495069034 0.083984375 0.05029585798816568 0.00703125
34 0.6415187376725838 0.083203125 0.03057199211045365 0.0078125
25 0.7973372781065089 0.020703125 0.03155818540433925 0.02421875
30 0.7001972386587771 0.0203125 0.09467455621301775 0.0171875