3 0.46745562130177515 0.989453125 0.6932938856015779 0.01953125
30 0.7766272189349113 0.990234375 0.07297830374753451 0.0140625
9 0.20956607495069032 0.9703125 0.047337278106508875 0.00703125
5 0.29142011834319526 0.9515625 0.21400394477317555 0.01875
5 0.20019723865877712 0.95078125 0.016765285996055226 0.0125
32 0.5088757396449705 0.928515625 0.6035502958579881 0.02421875
8 0.7948717948717948 0.92578125 0.023668639053254437 0.00859375
17 0.7021696252465484 0.926171875 0.08974358974358974 0.0140625
4 0.5961538461538461 0.9265625 0.09270216962524655 0.015625
12 0.5157790927021696 0.925390625 0.04437869822485207 0.0078125
11 0.4166666666666667 0.926953125 0.03353057199211045 0.009375
10 0.3022682445759369 0.9265625 0.05128205128205128 0.009375
1 0.5 0.816015625 1 0.2046875
2 0.010355029585798817 0.81328125 0.020710059171597635 0.06015625
16 0.6257396449704142 0.482421875 0.05128205128205128 0.01875
16 0.6947731755424064 0.3859375 0.07790927021696252 0.009375
12 0.6563116370808678 0.20234375 0.045364891518737675 0.0078125