12 0.4995 0.06517187500000006 0.083525641025641 0.012562499999999944
22 0.5002564102564103 0.8182187500000001 0.6592948717948718 0.2716250000000002
21 0.21925641025641027 0.7551015625000002 0.04312820512820511 0.005812499999999688
20 0.2429230769230769 0.7778906249999998 0.08892307692307694 0.006742187500000085
20 0.27039743589743587 0.7857968750000002 0.14693589743589747 0.007210937499999659
33 0.2499871794871795 0.8009140625000001 0.10457692307692307 0.006281249999999972
19 0.24062820512820512 0.8081250000000001 0.08664102564102562 0.005812499999999688
23 0.2455897435897436 0.8245234374999999 0.09808974358974358 0.007906249999999915
28 0.20666666666666667 0.8978984375 0.013358974358974379 0.008140625000000058
26 0.2879615384615385 0.8978984375 0.01258974358974358 0.007210937499999659
29 0.5095128205128205 0.8978984375 0.013743589743589779 0.007210937499999659
27 0.3988333333333333 0.898015625 0.012217948717948682 0.007445312499999801
31 0.3074230769230769 0.91325 0.06067948717948716 0.006742187500000085
34 0.23414102564102562 0.9139453124999999 0.07212820512820511 0.00860156250000017
25 0.1875897435897436 0.9841796875 0.029384615384615405 0.018375000000000342
30 0.23796153846153847 0.9842968750000001 0.06067948717948716 0.009304687499999886