3 0.4980769230769231 0.0078125 0.6512820512820513 0.015625
30 0.7961538461538461 0.0078125 0.052564102564102565 0.0078125
7 0.20256410256410257 0.008203125 0.014102564102564103 0.009375
7 0.1814102564102564 0.008203125 0.014102564102564103 0.009375
5 0.24871794871794872 0.034765625 0.16025641025641027 0.015625
5 0.1814102564102564 0.03515625 0.01282051282051282 0.00625
32 0.4967948717948718 0.06484375 0.6602564102564102 0.021875
8 0.8108974358974359 0.067578125 0.026923076923076925 0.00703125
17 0.6967948717948718 0.0671875 0.17051282051282052 0.015625
4 0.5166666666666667 0.067578125 0.10512820512820513 0.01484375
12 0.3576923076923077 0.06796875 0.041025641025641026 0.009375
1 0.5 0.165625 1 0.1734375
16 0.32756410256410257 0.33046875 0.09487179487179487 0.00859375
11 0.5012820512820513 0.46328125 0.07692307692307693 0.0125