3 0.5017307692307693 0.007976562500000001 0.6515256410256411 0.015945312499999996
30 0.20403846153846156 0.0076328125 0.052820512820512804 0.008109375000000002
7 0.7974102564102564 0.008046875 0.013717948717948776 0.009234375
7 0.8183461538461537 0.008015625 0.01364102564102577 0.009671875
5 0.7512564102564103 0.0347890625 0.16048717948717958 0.015937500000000004
5 0.8184358974358974 0.035203125 0.012217948717948682 0.006625000000000003
32 0.503051282051282 0.0647265625 0.6601153846153848 0.02171875000000001
8 0.18938461538461537 0.0674765625 0.027089743589743583 0.0069531250000000044
17 0.3032051282051282 0.0673359375 0.17014102564102568 0.015351562500000004
4 0.4835641025641026 0.067625 0.10502564102564098 0.014773437499999997
12 0.6422948717948718 0.06791406250000001 0.041346153846153845 0.009554687499999992
1 0.5 0.1656015625 1 0.17312499999999997
16 0.6722435897435898 0.33065625 0.09491025641025637 0.008921874999999968
11 0.49896153846153846 0.46335156250000004 0.07701282051282057 0.012562499999999944