12 0.5006410256410256 0.065234375 0.08333333333333333 0.0125
22 0.5 0.818359375 0.658974358974359 0.271875
21 0.7807692307692308 0.755078125 0.04358974358974359 0.00546875
20 0.757051282051282 0.777734375 0.08846153846153847 0.00703125
20 0.7294871794871794 0.7859375 0.14743589743589744 0.00703125
33 0.75 0.80078125 0.10512820512820513 0.00625
19 0.7596153846153846 0.808203125 0.08717948717948718 0.00546875
23 0.7544871794871795 0.824609375 0.09871794871794871 0.0078125
28 0.7935897435897435 0.898046875 0.01282051282051282 0.0078125
26 0.7121794871794872 0.898046875 0.01282051282051282 0.00703125
29 0.49038461538461536 0.898046875 0.014102564102564103 0.00703125
27 0.6012820512820513 0.898046875 0.01282051282051282 0.0078125
31 0.6923076923076923 0.91328125 0.06025641025641026 0.00703125
34 0.7660256410256411 0.9140625 0.07179487179487179 0.00859375
25 0.8121794871794872 0.984375 0.029487179487179487 0.01875
30 0.7621794871794871 0.984375 0.06025641025641026 0.009375