2 0.0109375 0.586996336996337 0.021875 0.13736263736263737
3 0.4591145833333333 0.9771062271062271 0.7192708333333333 0.045787545787545784
9 0.20963541666666666 0.9331501831501832 0.04635416666666667 0.015567765567765568
32 0.509375 0.8438644688644689 0.6010416666666667 0.05128205128205128
8 0.7942708333333334 0.8351648351648352 0.022395833333333334 0.015567765567765568
4 0.5963541666666666 0.8365384615384616 0.090625 0.03021978021978022
12 0.5158854166666667 0.8365384615384616 0.04375 0.019230769230769232
11 0.41640625 0.8351648351648352 0.0328125 0.0173992673992674
10 0.3015625 0.8379120879120879 0.052083333333333336 0.018315018315018316
10 0.6197916666666666 0.6442307692307693 0.07395833333333333 0.019230769230769232
16 0.6322916666666667 0.521978021978022 0.05 0.022893772893772892
12 0.63125 0.47985347985347987 0.0484375 0.020146520146520148
0 0.5015625 0.04304029304029304 0.45625 0.08608058608058608