2 0.9890625 0.413003663003663 0.021875 0.13736263736263737
3 0.5409375 0.02306776556776557 0.7195208333333334 0.04568681318681319
9 0.790484375 0.0668131868131868 0.04622916666666678 0.015201465201465196
32 0.49067708333333326 0.1563003663003663 0.60128125 0.05170329670329669
8 0.20578645833333334 0.16476190476190475 0.022635416666666686 0.01519230769230767
4 0.4037239583333333 0.16342490842490842 0.09059375000000003 0.030338827838827836
12 0.4839895833333333 0.16353479853479855 0.04348958333333333 0.019423076923076904
11 0.583625 0.16476190476190475 0.032588541666666755 0.016978021978021996
10 0.6984479166666666 0.1620879120879121 0.052067708333333226 0.018754578754578772
10 0.3801770833333334 0.35597069597069597 0.07388541666666673 0.019194139194139228
16 0.36770833333333336 0.4779761904761905 0.05021354166666671 0.022793040293040384
12 0.36865625 0.5201739926739927 0.048312499999999994 0.020357142857142872
0 0.4984375 0.956959706959707 0.45625 0.08608058608058608