3 0.7713541666666667 0.5 0.026041666666666668 1
9 0.74609375 0.01510989010989011 0.008854166666666666 0.03021978021978022
32 0.6953125 0.5 0.029166666666666667 1
4 0.69140625 0.6694139194139194 0.0171875 0.15934065934065933
12 0.69140625 0.5279304029304029 0.0109375 0.07692307692307693
11 0.690625 0.35302197802197804 0.009895833333333333 0.057692307692307696
10 0.6921875 0.1510989010989011 0.010416666666666666 0.09157509157509157
10 0.58203125 0.7106227106227107 0.0109375 0.13003663003663005
16 0.5125 0.7326007326007326 0.013020833333333334 0.08791208791208792
12 0.48854166666666665 0.7307692307692307 0.011458333333333333 0.08516483516483517
0 0.24010416666666667 0.5027472527472527 0.04895833333333333 0.8021978021978022