0 0.4984375 0.03983516483516483 0.45625 0.07967032967032966
22 0.5007239583333334 0.5036172161172161 0.6308697916666667 0.7501007326007327
21 0.23513020833333334 0.21870879120879114 0.037666666666666695 0.015604395604395572
23 0.252859375 0.25961538461538464 0.0719427083333334 0.016620879120879204
19 0.25185416666666666 0.33967948717948726 0.0711197916666667 0.01726190476190468
33 0.2774739583333333 0.3598809523809524 0.11882812500000005 0.018305860805860608
26 0.225265625 0.421364468864469 0.015651041666666643 0.025769230769230652
29 0.22548437500000001 0.46404761904761904 0.015223958333333343 0.02639194139194154
28 0.5068645833333333 0.42196886446886445 0.015010416666666634 0.026987179487179304
27 0.5064739583333333 0.46427655677655677 0.015098958333333337 0.024725274725274724
21 0.23516666666666666 0.5356410256410257 0.037171875 0.015183150183150116
23 0.2523802083333333 0.5549999999999999 0.07159895833333335 0.017591575091575124
21 0.2348229166666667 0.6153296703296703 0.03648437499999998 0.015641025641025576
23 0.25268229166666667 0.6364468864468864 0.06961979166666671 0.017014652014651948
21 0.23559375 0.696080586080586 0.03631250000000001 0.015210622710622828
23 0.2523802083333333 0.7162179487179486 0.07159895833333335 0.016126373626373744
31 0.46051041666666664 0.8150641025641026 0.05056770833333329 0.01706043956043966
34 0.35868229166666665 0.8149908424908425 0.031130208333333322 0.014789377289377372
25 0.20377604166666666 0.9552014652014651 0.03082812500000003 0.05586996336996357