0 0.76171875 0.5027472527472527 0.0453125 0.8021978021978022
22 0.49765625 0.5 0.4265625 1
21 0.6598958333333333 0.9656593406593407 0.008854166666666666 0.06593406593406594
23 0.63671875 0.9345238095238095 0.009375 0.12637362637362637
19 0.5911458333333334 0.9363553113553114 0.009895833333333333 0.12545787545787546
33 0.5796875 0.8910256410256411 0.010416666666666666 0.2087912087912088
26 0.5447916666666667 0.983058608058608 0.014583333333333334 0.027472527472527472
29 0.5205729166666667 0.9826007326007326 0.015104166666666667 0.026556776556776556
28 0.5442708333333334 0.4880952380952381 0.015104166666666667 0.026556776556776556
27 0.5203125 0.48855311355311354 0.0140625 0.026556776556776556
21 0.4796875 0.9656593406593407 0.008854166666666666 0.06501831501831502
23 0.46875 0.9354395604395604 0.009895833333333333 0.12545787545787546
21 0.434375 0.9661172161172161 0.008854166666666666 0.0641025641025641
23 0.42239583333333336 0.934981684981685 0.009895833333333333 0.1227106227106227
21 0.3885416666666667 0.9647435897435898 0.008854166666666666 0.0641025641025641
23 0.3770833333333333 0.9354395604395604 0.009375 0.12545787545787546
31 0.32083333333333336 0.5695970695970696 0.009895833333333333 0.08882783882783883
34 0.32083333333333336 0.7486263736263736 0.008333333333333333 0.054945054945054944