0 0.5015625 0.9601648351648352 0.45625 0.07967032967032966
22 0.49921875 0.49633699633699635 0.6307291666666667 0.75
21 0.76484375 0.7811355311355311 0.0375 0.015567765567765568
23 0.7471354166666667 0.7403846153846154 0.071875 0.016483516483516484
19 0.7481770833333333 0.6602564102564102 0.07135416666666666 0.0173992673992674
33 0.7223958333333333 0.6401098901098901 0.11875 0.018315018315018316
26 0.7747395833333334 0.5787545787545788 0.015625 0.02564102564102564
29 0.7744791666666667 0.5361721611721612 0.015104166666666667 0.026556776556776556
28 0.49322916666666666 0.5778388278388278 0.015104166666666667 0.026556776556776556
27 0.4934895833333333 0.5357142857142857 0.015104166666666667 0.024725274725274724
21 0.76484375 0.4642857142857143 0.03697916666666667 0.015567765567765568
23 0.74765625 0.44505494505494503 0.07135416666666666 0.0173992673992674
21 0.7651041666666667 0.38461538461538464 0.036458333333333336 0.015567765567765568
23 0.7473958333333334 0.36355311355311354 0.06979166666666667 0.0173992673992674
21 0.7643229166666666 0.304029304029304 0.036458333333333336 0.015567765567765568
23 0.74765625 0.2838827838827839 0.07135416666666666 0.016483516483516484
31 0.5395833333333333 0.184981684981685 0.050520833333333334 0.0173992673992674
34 0.64140625 0.184981684981685 0.03125 0.014652014652014652
25 0.7963541666666667 0.04487179487179487 0.030729166666666665 0.055860805860805864