0 0.5 0.61015625 0.4554093567251462 0.09609375
22 0.4996345029239766 0.302734375 0.631578947368421 0.45703125
21 0.7653508771929824 0.47578125 0.03728070175438596 0.01015625
23 0.7474415204678363 0.449609375 0.07017543859649122 0.01015625
20 0.7467105263157895 0.4140625 0.07383040935672515 0.01015625
19 0.7478070175438597 0.401953125 0.07017543859649122 0.01015625
33 0.722953216374269 0.388671875 0.1206140350877193 0.0109375
26 0.7741228070175439 0.351953125 0.014619883040935672 0.01640625
29 0.7737573099415205 0.3265625 0.014619883040935672 0.01640625
28 0.4930555555555556 0.351953125 0.013157894736842105 0.0171875
27 0.4934210526315789 0.3265625 0.015350877192982455 0.0140625
31 0.5394736842105263 0.112890625 0.04751461988304093 0.01015625
17 0.5950292397660819 0.11328125 0.0489766081871345 0.009375
34 0.6414473684210527 0.112890625 0.031432748538011694 0.00859375
25 0.7967836257309941 0.027734375 0.031432748538011694 0.03359375
30 0.7010233918128655 0.02734375 0.09064327485380116 0.02265625