3 0.483187134502924 0.9859375 0.6681286549707602 0.028125
30 0.7777777777777778 0.98671875 0.07602339181286549 0.01796875
9 0.2097953216374269 0.959765625 0.04751461988304093 0.0078125
5 0.2909356725146199 0.934765625 0.2134502923976608 0.0265625
5 0.19992690058479531 0.93359375 0.017543859649122806 0.01796875
32 0.5073099415204678 0.9046875 0.6016081871345029 0.0328125
8 0.7949561403508771 0.901171875 0.023391812865497075 0.0078125
17 0.7017543859649122 0.90078125 0.09283625730994152 0.021875
4 0.5968567251461988 0.900390625 0.09137426900584796 0.0203125
12 0.5153508771929824 0.90078125 0.04239766081871345 0.0109375
11 0.4166666666666667 0.900390625 0.029970760233918127 0.01015625
10 0.302266081871345 0.90078125 0.049707602339181284 0.00859375
11 0.7039473684210527 0.8609375 0.03216374269005848 0.0078125
5 0.49853801169590645 0.764453125 0.5058479532163743 0.0265625
5 0.2675438596491228 0.764453125 0.01827485380116959 0.01953125
2 0.010964912280701754 0.748828125 0.021929824561403508 0.08359375