3 0.5168128654970761 0.0140625 0.6681286549707602 0.028125
30 0.2222222222222222 0.01328125 0.07602339181286549 0.01796875
9 0.7902046783625731 0.040234375 0.04751461988304093 0.0078125
5 0.7090643274853801 0.065234375 0.2134502923976608 0.0265625
5 0.8000730994152047 0.06640625 0.017543859649122806 0.01796875
32 0.4926900584795322 0.0953125 0.6016081871345029 0.0328125
8 0.2050438596491228 0.098828125 0.023391812865497075 0.0078125
17 0.2982456140350877 0.09921875 0.09283625730994152 0.021875
4 0.4031432748538012 0.099609375 0.09137426900584796 0.0203125
12 0.48464912280701755 0.09921875 0.04239766081871345 0.0109375
11 0.5833333333333334 0.099609375 0.029970760233918127 0.01015625
10 0.6977339181286549 0.09921875 0.049707602339181284 0.00859375
11 0.29605263157894735 0.1390625 0.03216374269005848 0.0078125
5 0.5014619883040936 0.235546875 0.5058479532163743 0.0265625
5 0.7324561403508771 0.235546875 0.01827485380116959 0.01953125
2 0.9890350877192983 0.251171875 0.021929824561403508 0.08359375