0 0.5001608187134503 0.389828125 0.4550511695906433 0.09642968749999987
22 0.5004093567251462 0.6974218749999999 0.6315716374269005 0.4571953125
21 0.2346418128654971 0.5241875 0.03700292397660819 0.010335937500000014
23 0.2525146198830409 0.5502499999999999 0.07022660818713454 0.010335937500000014
20 0.2533552631578947 0.5859765625 0.07358918128654968 0.009890624999999886
19 0.2520906432748538 0.5981093749999999 0.07022660818713446 0.009890624999999886
33 0.27711257309941517 0.6111484375 0.12026315789473684 0.010789062500000312
26 0.2258625730994152 0.6480078124999998 0.014861111111111141 0.0166249999999998
29 0.22621345029239764 0.6733125000000001 0.014861111111111141 0.016250000000000143
28 0.5068567251461988 0.6480078124999998 0.01347953216374273 0.017359375000000198
27 0.5066812865497076 0.6735 0.015204678362573066 0.014406249999999687
31 0.46037280701754385 0.8870000000000001 0.047697368421052634 0.009976562500000341
17 0.4048976608187134 0.8866328124999999 0.04873538011695912 0.009234374999999772
34 0.3585818713450293 0.8871874999999999 0.03145467836257308 0.008867187500000285
25 0.2031140350877193 0.9720781250000001 0.03179093567251463 0.03397656249999983
30 0.29892543859649123 0.9725468750000001 0.09095760233918125 0.02264843749999983