3 0.5166593567251462 0.014101562500000001 0.6679020467836257 0.028203125000000002
30 0.2222953216374269 0.0132890625 0.07612573099415204 0.017898437500000003
9 0.790219298245614 0.0404140625 0.047704678362573257 0.008132812499999998
5 0.7090131578947368 0.065359375 0.2131578947368422 0.026578125000000008
5 0.8001169590643274 0.06644531249999999 0.017763157894736974 0.017898437499999996
32 0.4925584795321638 0.09546875 0.6014181286549708 0.032546874999999996
8 0.2050438596491228 0.0989921875 0.02334795321637431 0.008132812499999998
17 0.29817251461988303 0.099265625 0.09288011695906428 0.021695312499999987
4 0.4029751461988304 0.09953125 0.09135233918128657 0.0200703125
12 0.48468567251461986 0.099265625 0.042631578947368375 0.01085156249999999
11 0.5833991228070176 0.09953125 0.029941520467836283 0.010304687499999998
10 0.6978508771929824 0.099265625 0.04973684210526313 0.00867968750000001
11 0.29589181286549704 0.1391328125 0.03247807017543856 0.00813281250000002
5 0.5014400584795322 0.2356796875 0.5054970760233918 0.026578124999999987
5 0.7323611111111111 0.23540624999999998 0.01826754385964913 0.019523437500000008
2 0.9890350877192983 0.251171875 0.021929824561403508 0.08359375