3 0.5058448459086079 0.009765625 0.6418703506907545 0.01953125
30 0.2228692879914984 0.008984375 0.07380446333687565 0.013039062499999999
9 0.7905738575982997 0.0280078125 0.04649309245483528 0.006695312500000006
5 0.7093304994686503 0.045625 0.21279489904357068 0.017265625000000007
5 0.8001594048884166 0.0458046875 0.01006376195536666 0.006343750000000004
32 0.4912646121147715 0.06589062500000001 0.5990967056323061 0.020437499999999997
8 0.2048884165781084 0.0687109375 0.022529224229543027 0.006343750000000004
17 0.29787460148777894 0.06835156249999999 0.08962805526036136 0.012687500000000008
4 0.4037938363443146 0.06835156249999999 0.0905844845908608 0.012687500000000008
12 0.483836344314559 0.06853125 0.04170031880977684 0.008101562500000003
11 0.5835175345377258 0.06835156249999999 0.03211477151965997 0.005640624999999999
10 0.6968756641870351 0.06853125 0.052720510095642825 0.008101562500000003
1 0.5 0.17192968749999998 1 0.18853125000000004
2 0.9896493092454836 0.17290624999999998 0.020701381509032963 0.056656249999999984
12 0.28867162592986184 0.789296875 0.043188097768331546 0.0068359375
12 0.5471200850159406 0.86890625 0.04185972369819352 0.0068359375
12 0.3434856535600425 0.9199531249999999 0.042518597236981925 0.0073281250000000854