3 0.49415515409139216 0.009765625 0.6418703506907545 0.01953125
30 0.777364505844846 0.008984375 0.07332624867162593 0.01328125
9 0.20935175345377258 0.028125 0.04675876726886291 0.00703125
5 0.2906482465462274 0.045703125 0.21253985122210414 0.0171875
5 0.1997874601487779 0.045703125 0.009564293304994687 0.00625
32 0.5085015940488842 0.066015625 0.5993623804463337 0.0203125
8 0.7948990435706695 0.06875 0.022316684378320937 0.00625
17 0.701912858660999 0.068359375 0.08926673751328375 0.0125
4 0.5961742826780021 0.068359375 0.09032943676939426 0.0125
12 0.5159404888416578 0.068359375 0.04144527098831031 0.0078125
11 0.4165781083953241 0.068359375 0.031880977683315624 0.00546875
10 0.3028692879914984 0.068359375 0.053134962805526036 0.0078125
1 0.5 0.171875 1 0.18828125
2 0.010095642933049946 0.173046875 0.020191285866099893 0.05703125
12 0.7114771519659936 0.789453125 0.04357066950053135 0.00703125
12 0.4527098831030818 0.86875 0.04144527098831031 0.00703125
12 0.6567481402763018 0.919921875 0.04250797024442083 0.00703125