12 0.5457917109458024 0.21032031250000002 0.04185972369819352 0.0068359375
12 0.28867162592986184 0.21251562499999999 0.04185972369819339 0.0063515625000000854
16 0.37437832093517537 0.5966640625 0.04850159404888415 0.01660937500000017
0 0.49994686503719454 0.67628125 0.4551009564293305 0.0683828124999998
22 0.5002763018065888 0.8406328125000002 0.6324973432518596 0.21735156250000004
25 0.20332624867162594 0.9811015624999999 0.03231668437832096 0.023757812499999885
30 0.29846971307120085 0.9807656250000001 0.0924548352816153 0.015179687500000228
34 0.3507651434643996 0.9226953125000001 0.033666312433581244 0.007257812499999972
17 0.3969925611052072 0.9233515625 0.05072263549415517 0.007921875000000255
31 0.452422954303932 0.9226953125000001 0.04846971307120086 0.007921875000000255
26 0.2250903294367694 0.8695703125000002 0.01391073326248669 0.01056250000000034
29 0.2255366631243358 0.8877187500000001 0.014814027630180656 0.011218749999999745
28 0.5058342189160467 0.8700624999999998 0.015260361317747093 0.0115468749999998
27 0.5067375132837407 0.8872265625000001 0.013464399574920254 0.010890624999999687
33 0.2773963868225292 0.8455781250000001 0.11920297555791706 0.007164062500000057
19 0.2513496280552604 0.8370390624999999 0.07085015940488844 0.006617187500000199
20 0.254346439957492 0.8202265624999999 0.07460148777895854 0.00606250000000017
21 0.23485653560042508 0.7696562499999999 0.0371094580233794 0.0063359374999997446
23 0.2524654622741764 0.7783359375 0.07009564293304998 0.00606250000000017
12 0.5466418703506908 0.497421875 0.044952178533474975 0.007625000000000171