12 0.4543039319872476 0.78984375 0.04144527098831031 0.00703125
12 0.7114771519659936 0.7875 0.04144527098831031 0.00625
16 0.6253985122210415 0.403515625 0.048884165781083955 0.01640625
0 0.5 0.323828125 0.45483528161530284 0.06875
22 0.49946865037194477 0.159375 0.6323060573857598 0.2171875
25 0.7964930924548352 0.01875 0.031880977683315624 0.0234375
30 0.7013815090329437 0.019140625 0.0924548352816153 0.01484375
34 0.6493092454835282 0.07734375 0.03400637619553666 0.00703125
17 0.6030818278427205 0.0765625 0.05100956429330499 0.0078125
31 0.5478214665249734 0.07734375 0.048884165781083955 0.0078125
26 0.7747077577045696 0.13046875 0.01381509032943677 0.0109375
29 0.7747077577045696 0.112109375 0.01487778958554729 0.0109375
28 0.49415515409139216 0.130078125 0.01487778958554729 0.01171875
27 0.49309245483528164 0.112890625 0.01381509032943677 0.0109375
33 0.722635494155154 0.154296875 0.11902231668437832 0.00703125
19 0.7486716259298618 0.162890625 0.07120085015940489 0.00625
20 0.7454835281615303 0.1796875 0.07438894792773645 0.00625
21 0.7651434643995749 0.23046875 0.03719447396386823 0.00625
23 0.7476089266737513 0.221484375 0.07013815090329437 0.00625
12 0.4532412327311371 0.502734375 0.044633368756641874 0.0078125