0 0.49973958333333335 0.933066361556064 0.4546875 0.13386727688787187
22 0.49973958333333335 0.477116704805492 0.6322916666666667 0.6533180778032036
21 0.7651041666666667 0.6864988558352403 0.03697916666666667 0.021739130434782608
23 0.7481770833333333 0.6624713958810069 0.071875 0.019450800915331808
20 0.7453125 0.5354691075514875 0.07395833333333333 0.019450800915331808
19 0.7473958333333334 0.4845537757437071 0.07239583333333334 0.021739130434782608
33 0.7234375 0.459954233409611 0.1203125 0.02402745995423341
26 0.7747395833333334 0.38729977116704806 0.0140625 0.03318077803203661
29 0.7744791666666667 0.33466819221967964 0.0140625 0.030892448512585814
28 0.49296875 0.38844393592677345 0.014583333333333334 0.03318077803203661
27 0.4934895833333333 0.33466819221967964 0.013541666666666667 0.030892448512585814
31 0.5466145833333333 0.2294050343249428 0.04791666666666667 0.019450800915331808
34 0.6486979166666667 0.2294050343249428 0.03229166666666667 0.021739130434782608
25 0.7971354166666667 0.05491990846681922 0.030208333333333334 0.06636155606407322