3 0.43697916666666664 0.971395881006865 0.7625 0.057208237986270026
9 0.209375 0.9176201372997712 0.04583333333333333 0.021739130434782608
32 0.5083333333333333 0.8032036613272311 0.603125 0.06750572082379863
8 0.79453125 0.7951945080091534 0.022916666666666665 0.02288329519450801
4 0.5966145833333333 0.7969107551487414 0.08958333333333333 0.04004576659038902
12 0.5161458333333333 0.7963386727688787 0.042708333333333334 0.020594965675057208
11 0.41640625 0.7963386727688787 0.0296875 0.020594965675057208
10 0.3015625 0.7946224256292906 0.05 0.02631578947368421
10 0.6278645833333333 0.5549199084668193 0.059895833333333336 0.032036613272311214
16 0.6330729166666667 0.40217391304347827 0.049479166666666664 0.032036613272311214
12 0.63125 0.34839816933638446 0.049479166666666664 0.02631578947368421
0 0.49973958333333335 0.031464530892448515 0.4546875 0.06292906178489703
2 0.0109375 0.482837528604119 0.021875 0.17162471395881007