3 0.5630208333333333 0.028604118993135013 0.7625 0.057208237986270026
9 0.79075 0.08218535469107552 0.04588020833333341 0.021418764302059495
32 0.49166145833333336 0.19667048054919906 0.603296875 0.067254004576659
8 0.20541145833333332 0.20479405034324943 0.02268749999999997 0.02243707093821512
4 0.40339583333333334 0.20327231121281464 0.08981250000000003 0.03973684210526318
12 0.483984375 0.2037757437070938 0.04256250000000002 0.02040045766590387
11 0.5835 0.2037757437070938 0.029697916666666657 0.02040045766590387
10 0.6984114583333334 0.20519450800915331 0.049942708333333266 0.025778032036613305
10 0.37213541666666666 0.445045766590389 0.05971354166666672 0.03235697940503429
16 0.36704166666666665 0.5976659038901602 0.049526041666666624 0.03236842105263154
12 0.3688333333333333 0.6517276887871853 0.04964062499999997 0.026018306636155616
0 0.5002604166666667 0.9685354691075515 0.4546875 0.06292906178489703
2 0.9891927083333333 0.5171510297482838 0.021614583333333333 0.17161327231121282