0 0.5002604166666667 0.06693363844393593 0.4546875 0.13386727688787187
22 0.50021875 0.5228260869565218 0.63253125 0.6527917620137299
21 0.23484375 0.3133295194508008 0.03682291666666669 0.02132723112128132
23 0.2518697916666667 0.33778032036613276 0.07183333333333332 0.01964530892448521
20 0.25475 0.4642562929061785 0.07374999999999995 0.019691075514874184
19 0.2526875 0.5156864988558353 0.07250520833333335 0.021384439359267798
33 0.2764739583333334 0.5399199084668194 0.1200833333333333 0.023501144164759683
26 0.22521875 0.6125057208237985 0.014317708333333339 0.03336384439359251
29 0.22555729166666666 0.6655606407322655 0.01423958333333335 0.031212814645309152
28 0.50690625 0.6117620137299772 0.014354166666666638 0.033535469107551424
27 0.506453125 0.6652288329519451 0.013442708333333305 0.030549199084667984
31 0.45330729166666667 0.7705949656750573 0.048177083333333336 0.01974828375286066
34 0.35126041666666663 0.7705148741418765 0.03211458333333338 0.021258581235697856
25 0.20292708333333334 0.9449084668192219 0.03039583333333334 0.06689931350114393