0 0.5823145884270579 0.500390625 0.08964955175224124 0.43515625
22 0.8039934800325998 0.499609375 0.29665851670741644 0.60546875
31 0.9164629176854115 0.546484375 0.010594947025264874 0.0484375
34 0.9164629176854115 0.6421875 0.008149959250203748 0.03046875
26 0.8443357783211084 0.762890625 0.015484922575387123 0.0140625
29 0.8687856560717196 0.76328125 0.014669926650366748 0.0140625
28 0.8447432762836186 0.493359375 0.014669926650366748 0.0140625
27 0.8683781581092095 0.493359375 0.014669926650366748 0.0125
25 0.9898125509372453 0.784375 0.020374898125509373 0.0296875
33 0.8121434392828036 0.71328125 0.008149959250203748 0.11328125
19 0.8003259983700082 0.737109375 0.008149959250203748 0.06875
20 0.7775061124694377 0.735546875 0.009779951100244499 0.07109375
21 0.7082314588427058 0.753515625 0.008149959250203748 0.03515625
23 0.7192339038304808 0.73671875 0.008149959250203748 0.06640625