0 0.5004074979625102 0.57890625 0.4539527302363488 0.0859375
22 0.49959250203748984 0.79140625 0.6316218418907905 0.284375
31 0.5484922575387123 0.89921875 0.05052974735126324 0.01015625
34 0.6483292583537082 0.89921875 0.03178484107579462 0.0078125
26 0.7742461287693562 0.830078125 0.014669926650366748 0.01484375
29 0.7746536267318663 0.853515625 0.014669926650366748 0.0140625
28 0.4930725346373268 0.83046875 0.014669926650366748 0.0140625
27 0.4930725346373268 0.853125 0.013039934800325998 0.0140625
25 0.7966585167074165 0.975 0.030969845150774247 0.0296875
33 0.7224938875305623 0.79921875 0.11817440912795436 0.0078125
19 0.7473512632436837 0.787890625 0.07171964140179299 0.0078125
20 0.7457212713936431 0.766015625 0.07416462917685411 0.009375
21 0.7644661776691116 0.699609375 0.03667481662591687 0.0078125
23 0.7469437652811736 0.71015625 0.06927465362673187 0.0078125