3 0.5243113284433578 0.012562499999999999 0.6804971475142625 0.025117187500000006
9 0.7903911980440097 0.0365 0.04740831295843527 0.009773437500000004
32 0.49373268133659326 0.086203125 0.5991850040749797 0.029914062500000015
8 0.20494702526487368 0.089 0.02162184189079057 0.008062499999999995
4 0.40341483292583535 0.08889843750000001 0.09198859005704962 0.018023437499999996
12 0.4836756316218419 0.088546875 0.04257538712306439 0.010601562499999995
11 0.5836511817440913 0.088546875 0.0325916870415648 0.009789062500000001
10 0.6976283618581908 0.0884453125 0.05060309698451501 0.009992187499999994
31 0.30524042379788097 0.12330468750000001 0.048321108394457996 0.008578125000000015
31 0.3106438467807661 0.14871875 0.12487367563162187 0.01875
4 0.36317848410757947 0.2161015625 0.1292094539527302 0.009187499999999993
34 0.37542787286063567 0.23170312499999998 0.1081092094539528 0.008890624999999996
16 0.3584678076609617 0.31139843749999996 0.0741890790546047 0.009710937499999961
12 0.3152648736756316 0.4261875 0.03337408312958439 0.008578125000000015
11 0.31335778321108393 0.6239765625 0.03379788101059497 0.009796874999999972
10 0.32326813365933166 0.6416640625000001 0.05044009779951099 0.008585937500000007
2 0.9896495517522412 0.224796875 0.020700896495517596 0.07414062499999999