3 0.47555012224938875 0.0125 0.680521597392013 0.025
9 0.20945395273023634 0.036328125 0.04726976365118175 0.01015625
32 0.5061124694376528 0.086328125 0.5990220048899756 0.0296875
8 0.7950285248573757 0.0890625 0.022004889975550123 0.0078125
4 0.5965770171149144 0.0890625 0.09209453952730236 0.01796875
12 0.5162999185004075 0.088671875 0.042379788101059496 0.0109375
11 0.41646291768541155 0.088671875 0.032599837000814993 0.01015625
10 0.3023634881825591 0.08828125 0.05052974735126324 0.01015625
31 0.6947840260798696 0.1234375 0.04808475957620212 0.00859375
31 0.6894865525672371 0.148828125 0.12469437652811736 0.01875
4 0.636919315403423 0.216015625 0.1295843520782396 0.009375
34 0.6246943765281173 0.231640625 0.10839445802770986 0.00859375
16 0.6414017929910351 0.311328125 0.07416462917685411 0.009375
12 0.684596577017115 0.426171875 0.03341483292583537 0.00859375
11 0.6866340668296659 0.623828125 0.03341483292583537 0.01015625
10 0.6768541157294213 0.641796875 0.05052974735126324 0.00859375
2 0.010187449062754686 0.224609375 0.020374898125509373 0.07421875