0 0.49967400162999187 0.578765625 0.4541483292583537 0.0858281250000001
22 0.5004400977995109 0.7912578124999999 0.6317685411572941 0.28436718749999984
31 0.4515321923390383 0.8993906249999999 0.05020374898125502 0.010437499999999744
34 0.3517114914425428 0.8993984375 0.03200488997555011 0.008078125000000113
26 0.22557457212713936 0.8302656249999998 0.014343928280358617 0.014765624999999716
29 0.22554197229013856 0.853515625 0.014963325183374095 0.014312499999999773
28 0.5070089649551752 0.8304296874999999 0.014303178484107542 0.014437499999999659
27 0.5070823145884271 0.8532499999999998 0.013064384678076588 0.013781250000000255
25 0.20336593317033416 0.9751015625000001 0.030627546862265674 0.029343750000000314
33 0.27731051344743274 0.7990703124999999 0.1183129584352078 0.0079843750000002
19 0.2526650366748166 0.7878203124999998 0.07145069274653623 0.008062499999999773
20 0.2541238793806031 0.7661328125000001 0.07437652811735941 0.009062500000000284
21 0.2354523227383863 0.6997499999999999 0.03701711491442539 0.007874999999999943
23 0.25295028524857377 0.7101484374999998 0.06958435207823961 0.007648437499999971