9 0.016299918500407497 0.221484375 0.010594947025264874 0.0453125
32 0.06845965770171149 0.505859375 0.030969845150774247 0.57421875
8 0.0713121434392828 0.7828125 0.008149959250203748 0.02109375
4 0.0713121434392828 0.592578125 0.018744906275468622 0.08828125
12 0.07090464547677261 0.515625 0.011409942950285249 0.040625
11 0.07090464547677261 0.419921875 0.010594947025264874 0.03125
10 0.07049714751426243 0.310546875 0.010594947025264874 0.0484375
31 0.1071719641401793 0.68671875 0.008964955175224124 0.04609375
31 0.1336593317033415 0.681640625 0.019559902200488997 0.11953125
4 0.20374898125509372 0.63125 0.009779951100244499 0.12421875
34 0.2200488997555012 0.61953125 0.008964955175224124 0.10390625
16 0.30317848410757947 0.635546875 0.009779951100244499 0.07109375
12 0.4229828850855746 0.676953125 0.008964955175224124 0.03203125
11 0.6291768541157294 0.67890625 0.010594947025264874 0.03203125
10 0.6479217603911981 0.66953125 0.008964955175224124 0.0484375
2 0.21271393643031786 0.03046875 0.07742461287693561 0.01953125