3 0.49570669500531356 0.0114375 0.714643995749203 0.022867187499999997
7 0.8416790648246546 0.011390625 0.013251859723698222 0.010445312500000001
5 0.771009564293305 0.05809375 0.14607863974495222 0.017843750000000002
9 0.8167481402763017 0.039718750000000004 0.031923485653560006 0.008023437499999998
32 0.4980765143464399 0.0807734375 0.7099149840595111 0.023929687499999998
8 0.1567587672688629 0.0851171875 0.023740701381509008 0.007601562499999992
4 0.4718597236981934 0.08403125 0.07131774707757706 0.009773437499999992
17 0.5710626992561105 0.08429687500000001 0.09127523910733273 0.015507812499999996
12 0.7372157279489905 0.0848125 0.03595111583421884 0.009593750000000002
1 0.5 0.1791953125 1 0.16546093749999996
11 0.49641870350690753 0.2958125 0.06199787460148781 0.012085937500000022