0 0.5132837407013815 0.7609375 0.6992561105207227 0.03984375
22 0.5063761955366631 0.90234375 0.9458023379383634 0.1953125
26 0.47874601487778956 0.948828125 0.044633368756641874 0.03515625
28 0.39798087141339 0.948828125 0.044633368756641874 0.0328125
29 0.31562167906482463 0.94921875 0.044633368756641874 0.03359375
27 0.23432518597236981 0.948828125 0.04357066950053135 0.03359375
21 0.9335812964930924 0.847265625 0.04675876726886291 0.00859375
23 0.9112646121147715 0.8796875 0.09351753453772582 0.009375
19 0.6333687566418703 0.879296875 0.08607863974495218 0.009375
31 0.1785334750265675 0.86171875 0.06482465462274177 0.01015625
17 0.12380446333687567 0.89296875 0.17003188097768332 0.01171875
19 0.3671625929861849 0.8859375 0.0871413390010627 0.009375