3 0.5042507970244421 0.011328125 0.71413390010627 0.02265625
7 0.15834218916046758 0.011328125 0.012752391073326248 0.01015625
5 0.2290116896918172 0.058203125 0.14558979808714134 0.01796875
9 0.18331562167906482 0.03984375 0.031880977683315624 0.0078125
32 0.502125398512221 0.080859375 0.7098831030818279 0.02421875
8 0.8432518597236982 0.08515625 0.023379383634431455 0.0078125
4 0.5281615302869288 0.083984375 0.07120085015940489 0.01015625
17 0.4287991498405951 0.084375 0.09139213602550478 0.015625
12 0.2630180658873539 0.084765625 0.036131774707757705 0.009375
1 0.5 0.179296875 1 0.165625
11 0.5037194473963869 0.295703125 0.061636556854410204 0.01171875