0 0.48681190223166837 0.76090625 0.6997236981934113 0.03979687499999969
22 0.493528161530287 0.9024218749999999 0.945759829968119 0.19515625000000014
26 0.5210733262486716 0.948796875 0.044144527098830995 0.03500000000000014
28 0.6022422954303932 0.9489140625000001 0.044293304994686575 0.03282812500000034
29 0.684144527098831 0.94915625 0.04428267800212548 0.03331250000000026
27 0.7657279489904356 0.948859375 0.04362380446333683 0.033914062499999884
21 0.06624867162592986 0.8471953124999999 0.04699256110520723 0.008828125000000141
23 0.08877789585547291 0.8795312500000001 0.09367693942614241 0.009679687500000256
19 0.3665993623804464 0.8792890624999998 0.08577045696068017 0.009203124999999802
31 0.8213390010626993 0.861828125 0.064739638682253 0.010398437500000312
17 0.8762911795961743 0.8930859375000001 0.1697343251859724 0.011492187500000028
19 0.6326248671625929 0.8859765625000001 0.08704569606801284 0.009320312500000228