26 0.34383033419023135 0.1 0.02313624678663239 0.01484375
29 0.3033419023136247 0.1 0.02313624678663239 0.01015625
29 0.6311053984575835 0.1828125 0.03598971722365039 0.015625
29 0.8219794344473008 0.275390625 0.03470437017994859 0.01640625
29 0.6947300771208226 0.275 0.03470437017994859 0.01640625
29 0.5681233933161953 0.275390625 0.03598971722365039 0.015625
29 0.44087403598971725 0.275390625 0.03598971722365039 0.01640625
0 0.5 0.506640625 0.794344473007712 0.025
22 0.5 0.841015625 0.8084832904884319 0.2
21 0.8611825192802056 0.7859375 0.03984575835475578 0.00625
23 0.839974293059126 0.80703125 0.07583547557840617 0.00625
20 0.8386889460154242 0.839453125 0.08354755784061697 0.00625
19 0.8419023136246787 0.85 0.07969151670951156 0.00546875
33 0.8129820051413882 0.860546875 0.13496143958868895 0.00703125
26 0.8695372750642674 0.87734375 0.008997429305912597 0.00625
28 0.7699228791773779 0.87734375 0.006426735218508998 0.00390625
29 0.6985861182519281 0.87734375 0.008997429305912597 0.0046875
31 0.7917737789203085 0.909375 0.06683804627249357 0.00703125
34 0.8618251928020566 0.908984375 0.037275064267352186 0.00703125
25 0.8881748071979434 0.98828125 0.02570694087403599 0.01640625
30 0.8290488431876607 0.98828125 0.060411311053984576 0.009375
18 0.02570694087403599 0.435546875 0.02956298200514139 0.01875