26 0.656375321336761 0.10010937500000008 0.02287917737789197 0.014914062500000113
29 0.6966580976863753 0.10015625000000003 0.023329048843187778 0.010414062499999942
29 0.3691002570694088 0.18272656250000008 0.03541131105398452 0.01587500000000013
29 0.17789203084832905 0.2754843749999999 0.035218508997429274 0.01621875000000017
29 0.30552699228791774 0.27518750000000003 0.03532133676092547 0.01628906249999993
29 0.4318894601542416 0.27535156250000004 0.036182519280205626 0.015953125000000058
29 0.5593059125964011 0.27532031250000005 0.03583547557840616 0.016554687500000043
0 0.4999357326478148 0.5067187499999999 0.7949742930591259 0.024820312499999986
22 0.5001542416452442 0.8408750000000002 0.8080976863753214 0.19991406250000027
21 0.1391388174807198 0.7858359374999999 0.03974293059125966 0.006039062499999659
23 0.1597686375321337 0.8072187499999999 0.07624678663239073 0.005929687500000114
20 0.1610668380462725 0.8393828124999999 0.08358611825192798 0.006515625000000113
19 0.15791773778920307 0.8499375 0.07920308483290489 0.005828125000000029
33 0.18704370179948587 0.8606015625000001 0.1345886889460154 0.0072187499999998295
26 0.1306555269922879 0.8773984375000001 0.009421593830334207 0.0060546875
28 0.2303727506426735 0.877375 0.006735218508997441 0.004257812499999858
29 0.30143958868894605 0.8774843749999999 0.008727506426735246 0.0044921875
31 0.20839331619537274 0.9092734374999999 0.06670951156812337 0.0072265625
34 0.1384190231362468 0.9090468749999999 0.037352185089974295 0.0067578124999997154
25 0.11177377892030847 0.9884609375 0.02506426735218509 0.016671875000000114
30 0.1706426735218509 0.98834375 0.059845758354755786 0.009484375000000256
18 0.9744473007712082 0.4354453124999999 0.02917737789203091 0.01875