3 0.5 0.0086640625 1 0.0173203125
30 0.0436375321336761 0.008125000000000002 0.06444730077120822 0.012140624999999999
5 0.7903084832904884 0.039484375 0.19749357326478162 0.013750000000000007
5 0.8757069408740359 0.03940625 0.017416452442159325 0.010875000000000001
32 0.5047557840616966 0.06071093749999999 0.6424807197943445 0.019382812500000002
8 0.20083547557840617 0.0627265625 0.024511568123393307 0.004953125000000003
17 0.2855012853470437 0.063 0.09368894601542414 0.01371093750000001
4 0.40823907455012853 0.062625 0.102904884318766 0.012273437500000007
12 0.5092287917737789 0.062210937499999994 0.05844473007712086 0.008710937500000005
2 0.9845758354755784 0.09296875 0.030848329048843187 0.01875
1 0.4998843187660668 0.14416406249999997 0.8014267352185089 0.1457109375
17 0.4989331619537275 0.4966796875 0.08141388174807201 0.008125000000000071
4 0.48682519280205655 0.40207031249999997 0.22652956298200516 0.012789062499999915
11 0.48751928020565555 0.5431796875 0.0812596401028278 0.012906249999999985
18 0.9734575835475578 0.47976562500000003 0.029640102827763425 0.018406249999999957