3 0.5 0.00859375 1 0.0171875
30 0.9562982005141388 0.008203125 0.06426735218508997 0.0125
5 0.2095115681233933 0.039453125 0.19794344473007713 0.0140625
5 0.12403598971722365 0.039453125 0.017994858611825194 0.0109375
32 0.4955012853470437 0.060546875 0.6426735218508998 0.01953125
8 0.7994858611825193 0.062890625 0.02442159383033419 0.0046875
17 0.7146529562982005 0.062890625 0.09383033419023136 0.0140625
4 0.5919023136246787 0.0625 0.10282776349614396 0.0125
12 0.4910025706940874 0.062109375 0.05784061696658098 0.00859375
2 0.015424164524421594 0.09296875 0.030848329048843187 0.01875
1 0.5 0.144140625 0.8020565552699229 0.14609375
17 0.5012853470437018 0.496875 0.08097686375321336 0.0078125
4 0.512853470437018 0.401953125 0.2262210796915167 0.0125
11 0.5122107969151671 0.543359375 0.08097686375321336 0.01328125
18 0.02634961439588689 0.4796875 0.02956298200514139 0.01875