22 0.5002395833333334 0.5571064204045735 0.8058385416666667 0.5494986807387865
26 0.13059375 0.6591380826737028 0.008494791666666638 0.014204045734388823
28 0.23072395833333334 0.660184696569921 0.007307291666666652 0.012128408091468746
29 0.3018385416666666 0.6598153034300792 0.008468749999999995 0.010360598065083729
31 0.20768229166666666 0.747985927880387 0.06472395833333332 0.02129287598944594
34 0.13859895833333333 0.7481794195250661 0.03682812500000002 0.01751978891820587
19 0.15902083333333333 0.5843359718557609 0.07828125000000004 0.016473175021987703
33 0.186953125 0.6123218997361478 0.13476041666666666 0.016270888302550572
20 0.16052604166666665 0.5542656112576957 0.08068229166666666 0.016675461741424834
21 0.14038541666666668 0.405716798592788 0.03916666666666669 0.015013192612137348
25 0.11229166666666666 0.9689885664028143 0.025291666666666667 0.04184696569920838
34 0.32941145833333335 0.7486367634124891 0.14104166666666665 0.020430958663148653