3 0.498453125 0.024714160070360598 0.9741041666666668 0.04941952506596306
9 0.8615364583333334 0.07493403693931398 0.05713020833333336 0.017572559366754607
2 0.9848229166666667 0.25804749340369393 0.030348958333333325 0.05276165347405454
6 0.6827864583333334 0.17436235708003517 0.06461458333333331 0.01792436235708003
12 0.5079375 0.17365875109938433 0.056057291666666724 0.01933157431838172
4 0.40894791666666663 0.1745382585751979 0.10085416666666672 0.03594547053649957
8 0.201421875 0.1729023746701847 0.024203125000000013 0.01933157431838172
32 0.5009010416666667 0.16919085312225154 0.6348333333333334 0.053034300791556736
10 0.14518229166666666 0.44839050131926117 0.056864583333333364 0.02325417766051016
16 0.1399375 0.6105364995602462 0.047666666666666656 0.01933157431838172
12 0.14214062500000002 0.6632805628847845 0.049479166666666664 0.018909410729991204