3 0.5015625 0.9753737906772207 0.9739583333333334 0.04925241864555849
9 0.13854166666666667 0.9252418645558487 0.057291666666666664 0.01759014951627089
2 0.015104166666666667 0.7418645558487247 0.030208333333333334 0.052770448548812667
6 0.3171875 0.8258575197889182 0.06458333333333334 0.01759014951627089
12 0.4921875 0.826297273526825 0.05625 0.019349164467897976
4 0.5911458333333334 0.8254177660510115 0.10104166666666667 0.03605980650835532
8 0.7986979166666667 0.8271767810026385 0.023958333333333335 0.019349164467897976
32 0.49921875 0.8306948109058927 0.6348958333333333 0.052770448548812667
10 0.8546875 0.5514511873350924 0.05677083333333333 0.022867194371152155
16 0.86015625 0.3896218117854002 0.04791666666666667 0.019349164467897976
12 0.8578125 0.3368513632365875 0.049479166666666664 0.019349164467897976