22 0.49973958333333335 0.44283201407211964 0.8057291666666667 0.5496921723834652
26 0.86953125 0.34080914687774844 0.008333333333333333 0.014072119613016711
28 0.7692708333333333 0.33992963940193494 0.007291666666666667 0.012313104661389622
29 0.6981770833333333 0.3403693931398417 0.008333333333333333 0.010554089709762533
31 0.7921875 0.2519788918205805 0.06458333333333334 0.021108179419525065
34 0.8614583333333333 0.2519788918205805 0.03697916666666667 0.01759014951627089
19 0.8408854166666667 0.4155672823218997 0.078125 0.016710642040457344
33 0.8130208333333333 0.38786279683377306 0.13489583333333333 0.0158311345646438
20 0.8395833333333333 0.44591029023746703 0.08072916666666667 0.016710642040457344
21 0.8596354166666667 0.5941072999120492 0.0390625 0.014951627088830254
25 0.8877604166666667 0.031222515391380826 0.025520833333333333 0.04221635883905013
34 0.6705729166666666 0.2515391380826737 0.14114583333333333 0.020228671943711522