16 0.15565776458951533 0.528171875 0.0771018793273986 0.0081171874999999
22 0.4992482690405539 0.7928437500000001 0.8046389713155292 0.25951562500000025
26 0.13086053412462909 0.8408046875 0.00832838773491594 0.006945312500000256
28 0.2304154302670623 0.84071875 0.007873392680514322 0.006773437500000057
29 0.30134520276953514 0.8408906250000001 0.009396636993076163 0.005390624999999716
31 0.20828882294757667 0.8815156250000001 0.06615232443125618 0.008695312500000085
34 0.1387833827893175 0.8820390625000002 0.038971315529179006 0.009734375000000028
33 0.18729970326409498 0.819140625 0.13500494559841741 0.009257812500000285
19 0.15864490603363005 0.8046875 0.07769535113748764 0.00838281249999966
20 0.16078140454995055 0.791328125 0.08324431256181995 0.008171875000000028
23 0.15915924826904054 0.749953125 0.07872403560830858 0.008531250000000056
21 0.14031651829871417 0.7221875000000001 0.04103857566765579 0.008578124999999659
25 0.11205736894164195 0.985140625 0.0259841740850643 0.021554687500000114