3 0.5029574678536103 0.0114296875 0.981523244312562 0.022859375
9 0.8607912957467854 0.0345625 0.05633036597428293 0.007054687500000001
32 0.5029574678536103 0.0795 0.6334915924826905 0.024703125000000003
8 0.20085064292779425 0.0811875 0.02317507418397627 0.007187499999999991
4 0.40860534124629083 0.0817890625 0.09901088031651832 0.015625
12 0.5083679525222552 0.08139062500000001 0.05648862512363986 0.010000000000000009
6 0.6838872403560831 0.08139062500000001 0.061750741839762674 0.006789062499999998
15 0.6767655786350149 0.20486718750000002 0.05972304648862523 0.007937499999999976
2 0.9850544015825915 0.1212578125 0.029881305637982233 0.024710937499999995
31 0.14571711177052424 0.1190703125 0.09450049455984176 0.01335156249999998
31 0.1512759643916914 0.171140625 0.10225519287833827 0.013617187500000006
10 0.14391691394658754 0.3396328125 0.05276953511374879 0.007171874999999961
18 0.9729970326409496 0.62303125 0.031414441147378826 0.024304687499999922