16 0.844213649851632 0.471875 0.0771513353115727 0.0078125
22 0.5009891196834817 0.20703125 0.8041543026706232 0.259375
26 0.8689416419386746 0.159375 0.00791295746785361 0.00703125
28 0.7695351137487636 0.159375 0.00791295746785361 0.00703125
29 0.6988130563798219 0.158984375 0.009891196834817012 0.00546875
31 0.7917903066271019 0.118359375 0.06627101879327399 0.00859375
34 0.8610286844708209 0.11796875 0.03857566765578635 0.009375
33 0.8125618199802176 0.180859375 0.13452027695351138 0.009375
19 0.841246290801187 0.1953125 0.0781404549950544 0.00859375
20 0.8392680514342236 0.20859375 0.0830860534124629 0.0078125
23 0.8407517309594461 0.25 0.0791295746785361 0.00859375
21 0.8595450049455984 0.277734375 0.040553907022749754 0.00859375
25 0.8877349159248269 0.01484375 0.025717111770524232 0.021875