3 0.5029673590504451 0.011328125 0.9812067260138477 0.02265625
9 0.8610286844708209 0.034375 0.05637982195845697 0.00703125
32 0.5029673590504451 0.0796875 0.6330365974282888 0.025
8 0.20079129574678536 0.08125 0.02274975272007913 0.00703125
4 0.4085064292779426 0.081640625 0.09891196834817013 0.015625
12 0.5084075173095944 0.08125 0.05637982195845697 0.01015625
6 0.6839762611275965 0.08125 0.06132542037586548 0.00703125
15 0.6765578635014837 0.2046875 0.05934718100890208 0.0078125
2 0.9851632047477745 0.12109375 0.02967359050445104 0.025
31 0.14589515331355093 0.119140625 0.09495548961424333 0.01328125
31 0.1513353115727003 0.17109375 0.10187932739861523 0.01328125
10 0.14391691394658754 0.339453125 0.05242334322453017 0.00703125
18 0.9727992087042532 0.623046875 0.03165182987141444 0.02421875