3 0.4970326409495549 0.988671875 0.9812067260138477 0.02265625
9 0.13897131552917902 0.965625 0.05637982195845697 0.00703125
32 0.4970326409495549 0.9203125 0.6330365974282888 0.025
8 0.7992087042532147 0.91875 0.02274975272007913 0.00703125
4 0.5914935707220573 0.918359375 0.09891196834817013 0.015625
12 0.49159248269040556 0.91875 0.05637982195845697 0.01015625
6 0.31602373887240354 0.91875 0.06132542037586548 0.00703125
15 0.32344213649851633 0.7953125 0.05934718100890208 0.0078125
2 0.01483679525222552 0.87890625 0.02967359050445104 0.025
31 0.854104846686449 0.880859375 0.09495548961424333 0.01328125
31 0.8486646884272997 0.82890625 0.10187932739861523 0.01328125
10 0.8560830860534124 0.660546875 0.05242334322453017 0.00703125
18 0.027200791295746787 0.376953125 0.03165182987141444 0.02421875