12 0.5487643312101911 0.32534375000000004 0.04103184713375801 0.005351562499999929
12 0.2889554140127389 0.47472656250000006 0.04141401273885349 0.006593750000000042
0 0.5001273885350319 0.7299218750000002 0.45328662420382154 0.056695312499999775
22 0.4998216560509554 0.8666406250000002 0.6322165605095541 0.18197656250000022
21 0.23540127388535032 0.8081093750000001 0.037082802547770716 0.006820312499999659
23 0.25268789808917197 0.81528125 0.07164331210191084 0.005632812500000028
20 0.2541783439490446 0.8499921874999998 0.07462420382165603 0.0060546875
19 0.25197452229299366 0.8639921874999998 0.06949044585987263 0.0061953125000002275
33 0.27681528662420385 0.8713281250000001 0.1199108280254777 0.0057812499999997154
26 0.22504458598726115 0.8917187500000001 0.014891719745222926 0.0095703125
29 0.22519745222929938 0.9061875 0.015184713375796199 0.008796875000000171
28 0.5068535031847133 0.8918359375000001 0.01380891719745227 0.009343750000000029
27 0.5067770700636942 0.9063671875000001 0.015146496815286606 0.009164062499999659
31 0.4611082802547771 0.9351796875000001 0.05045859872611467 0.006015624999999858
17 0.4050191082802548 0.9350625000000001 0.05002547770700635 0.0062421874999998295
34 0.35954140127388534 0.9355859375000002 0.03133757961783443 0.005929687500000114
25 0.20262420382165605 0.9842656250000001 0.031133757961783436 0.019664062500000058
30 0.29979617834394906 0.9845781250000002 0.09063694267515927 0.013906250000000142