3 0.5290318471337581 0.008656249999999999 0.6872484076433121 0.016492187499999998
30 0.2231592356687898 0.0075625 0.07208917197452233 0.011554687499999999
9 0.7911464968152866 0.02290625 0.049286624203821724 0.0072265625
5 0.708624203821656 0.0372265625 0.21342675159235663 0.014304687500000001
5 0.8003821656050955 0.0385625 0.008420382165604968 0.005585937500000004
32 0.4915923566878981 0.055390625000000006 0.6044968152866241 0.01864062500000001
8 0.20462420382165605 0.0570703125 0.024968152866242068 0.007585937500000006
17 0.2984968152866242 0.0570078125 0.09066242038216556 0.011562500000000009
4 0.4021656050955414 0.056625 0.09200000000000004 0.012867187499999998
12 0.4842292993630573 0.057414062499999995 0.04340127388535038 0.00689843750000001
11 0.5835796178343949 0.0566953125 0.032751592356687946 0.006140625000000011
10 0.6977707006369427 0.056625 0.05064968152866241 0.007374999999999998
1 0.5 0.142703125 1 0.15657031250000003
2 0.9900382165605095 0.144671875 0.01992356687898102 0.04765625
16 0.37526114649681525 0.478234375 0.05696815286624207 0.014515624999999944
26 0.5732738853503184 0.573421875 0.01380891719745227 0.008984375
26 0.44278980891719744 0.5564843749999999 0.007210191082802507 0.0046875
12 0.546203821656051 0.8704296875 0.04057324840764334 0.0057265624999999435