3 0.5008920606601249 0.01171875 0.6538804638715433 0.0234375
30 0.20330062444246208 0.0108984375 0.051882247992863534 0.012515625000000002
7 0.7973148974130241 0.011820312500000001 0.01270294380017842 0.01159375
7 0.8187600356824264 0.01159375 0.013238180196253273 0.0120546875
5 0.7517841213202497 0.050078124999999994 0.15883140053523637 0.02225781250000001
5 0.818492417484389 0.051000000000000004 0.01058876003568233 0.010203125000000002
32 0.45875111507582517 0.0948203125 0.5701962533452275 0.037554687499999996
8 0.19006244424620874 0.09714062500000001 0.028590544157002688 0.008812499999999978
17 0.3025691347011597 0.0980625 0.16888492417484394 0.02271875000000001
4 0.484157002676182 0.09714062500000001 0.10323818019625336 0.019937499999999986
12 0.6427207850133809 0.0978359375 0.04024085637823363 0.012054687500000005
1 0.5008920606601249 0.2515625 0.9982158786797503 0.225