22 0.4999553969669938 0.7388046875000001 0.6597234611953613 0.3932187499999998
21 0.21855486173059768 0.6468046874999999 0.044397859054415685 0.009859374999999915
20 0.24169491525423728 0.6807578124999999 0.09066904549509365 0.009859374999999915
20 0.2704549509366637 0.6919843749999999 0.14820695807314896 0.009312500000000057
33 0.25107047279214983 0.7133437499999999 0.10317573595004458 0.007117187499999744
19 0.24107047279214988 0.7240234375 0.08817127564674401 0.009859374999999915
31 0.308314005352364 0.8756718750000001 0.060115967885816225 0.009601562499999971
28 0.2064228367528992 0.853453125 0.011454058876003545 0.01033593749999966
26 0.2876806422836753 0.8529921874999999 0.011454058876003597 0.010031250000000113
27 0.39913470115967886 0.8531484375000001 0.012149866190900985 0.009734375000000028
29 0.5088581623550401 0.8529921874999999 0.011454058876003495 0.010031250000000113
34 0.2338537020517395 0.8759531249999999 0.07326494201605709 0.008515624999999716
25 0.1873327386262266 0.9776718750000001 0.02882247992863515 0.026453124999999744
30 0.23906333630686888 0.9778281249999999 0.05937555753791253 0.012773437500000285