22 0.5 0.261328125 0.6601248884924175 0.39296875
21 0.7814451382694023 0.353125 0.04460303300624442 0.01015625
20 0.7582515611061552 0.319140625 0.09099018733273863 0.01015625
20 0.7297056199821588 0.308203125 0.1480820695807315 0.009375
33 0.7488849241748439 0.28671875 0.10347903657448707 0.00703125
19 0.7591436217662801 0.27578125 0.08831400535236396 0.01015625
31 0.691793041926851 0.12421875 0.05976806422836753 0.009375
28 0.7934879571810883 0.146484375 0.01159678858162355 0.01015625
26 0.7123104371097234 0.146875 0.01159678858162355 0.01015625
27 0.6008028545941124 0.146875 0.012488849241748439 0.009375
29 0.4910793933987511 0.146875 0.01159678858162355 0.01015625
34 0.7662801070472792 0.12421875 0.07314897413024085 0.00859375
25 0.8126672613737734 0.022265625 0.028545941123996433 0.0265625
30 0.7609277430865299 0.022265625 0.05976806422836753 0.0125