3 0.49910793933987513 0.98828125 0.6538804638715433 0.0234375
30 0.7966101694915254 0.9890625 0.05173951828724353 0.0125
7 0.2024977698483497 0.98828125 0.012488849241748439 0.01171875
7 0.18108831400535236 0.98828125 0.013380909901873328 0.01171875
5 0.247992863514719 0.95 0.15878679750223015 0.021875
5 0.18153434433541482 0.948828125 0.010704727921498661 0.01015625
32 0.5410347903657449 0.905078125 0.5700267618198037 0.0375
8 0.8099910793933988 0.902734375 0.028545941123996433 0.00859375
17 0.6975914362176628 0.901953125 0.16859946476360393 0.02265625
4 0.516057091882248 0.902734375 0.10347903657448707 0.0203125
12 0.35727029438001784 0.90234375 0.04014272970561998 0.01171875
1 0.49910793933987513 0.7484375 0.9982158786797503 0.225