22 0.22747546833184656 0.5 0.4487065120428189 0.578125
21 0.33229259589652094 0.253515625 0.01159678858162355 0.0390625
20 0.29348795718108833 0.273828125 0.01159678858162355 0.0796875
20 0.28099910793933985 0.298828125 0.010704727921498661 0.1296875
33 0.2564674397859054 0.28203125 0.008028545941123996 0.090625
19 0.24442462087421946 0.273046875 0.01159678858162355 0.07734375
31 0.07091882247992863 0.33203125 0.010704727921498661 0.05234375
28 0.09634255129348795 0.24296875 0.01159678858162355 0.01015625
26 0.0967885816235504 0.3140625 0.01159678858162355 0.01015625
27 0.0967885816235504 0.41171875 0.010704727921498661 0.0109375
29 0.0967885816235504 0.5078125 0.01159678858162355 0.01015625
34 0.07091882247992863 0.266796875 0.009812667261373774 0.0640625