2 0.05536332179930796 0.22412109375 0.11072664359861592 0.0126953125
2 0.2975778546712803 0.224609375 0.09688581314878893 0.013671875
2 0.40484429065743943 0.22265625 0.10553633217993079 0.009765625
2 0.5155709342560554 0.22265625 0.10553633217993079 0.009765625
2 0.6245674740484429 0.2236328125 0.10553633217993079 0.0107421875
2 0.7335640138408305 0.2236328125 0.10553633217993079 0.0107421875
2 0.8044982698961938 0.2255859375 0.01903114186851211 0.009765625
2 0.8408304498269896 0.2255859375 0.01730103806228374 0.0087890625
25 0.09342560553633218 0.7705078125 0.029411764705882353 0.0166015625
28 0.06055363321799308 0.771484375 0.01384083044982699 0.0078125
29 0.039792387543252594 0.771484375 0.01384083044982699 0.0078125
26 0.015570934256055362 0.7705078125 0.01384083044982699 0.0068359375
29 0.00865051903114187 0.638671875 0.005190311418685121 0.00390625
16 0.015570934256055362 0.732421875 0.012110726643598616 0.052734375
33 0.039792387543252594 0.7392578125 0.020761245674740483 0.0390625
33 0.04325259515570934 0.6962890625 0.020761245674740483 0.0390625
16 0.04844290657439446 0.6279296875 0.012110726643598616 0.0537109375
11 0.01384083044982699 0.662109375 0.01384083044982699 0.0341796875
11 0.02422145328719723 0.6123046875 0.01384083044982699 0.033203125
11 0.04844290657439446 0.5712890625 0.01903114186851211 0.048828125
12 0.015570934256055362 0.5673828125 0.010380622837370242 0.0224609375
26 0.08996539792387544 0.7333984375 0.025951557093425604 0.0078125
28 0.08996539792387544 0.6875 0.020761245674740483 0.01171875
29 0.08823529411764706 0.6416015625 0.01903114186851211 0.013671875
27 0.08996539792387544 0.5947265625 0.01903114186851211 0.01171875
26 0.08996539792387544 0.5654296875 0.02422145328719723 0.009765625
28 0.08996539792387544 0.5185546875 0.020761245674740483 0.01171875
16 0.05190311418685121 0.5087890625 0.010380622837370242 0.052734375
8 0.1314878892733564 0.623046875 0.006920415224913495 0.01171875
4 0.1314878892733564 0.5546875 0.015570934256055362 0.0458984375
12 0.1314878892733564 0.515625 0.010380622837370242 0.01953125
16 0.02768166089965398 0.4765625 0.020761245674740483 0.1201171875
25 0.005190311418685121 0.39404296875 0.010380622837370242 0.0166015625
16 0.04152249134948097 0.3818359375 0.012110726643598616 0.0537109375
11 0.06920415224913495 0.3828125 0.01903114186851211 0.0498046875
16 0.0986159169550173 0.3486328125 0.020761245674740483 0.1201171875
11 0.04844290657439446 0.3271484375 0.01903114186851211 0.0400390625
33 0.01730103806228374 0.3251953125 0.02249134948096886 0.0400390625
29 0.08996539792387544 0.47265625 0.01903114186851211 0.013671875
15 0.1314878892733564 0.42578125 0.010380622837370242 0.03125
32 0.12802768166089964 0.50390625 0.02422145328719723 0.25390625
33 0.11418685121107267 0.2568359375 0.020761245674740483 0.0390625
24 0.0847750865051903 0.2763671875 0.00865051903114187 0.0048828125
24 0.0847750865051903 0.259765625 0.00865051903114187 0.00390625
11 0.058823529411764705 0.271484375 0.01730103806228374 0.0390625
24 0.01384083044982699 0.2939453125 0.00865051903114187 0.00390625
29 0.00865051903114187 0.3681640625 0.005190311418685121 0.0048828125
25 0.02249134948096886 0.2578125 0.029411764705882353 0.017578125
26 0.015570934256055362 0.240234375 0.01384083044982699 0.0068359375
29 0.039792387543252594 0.240234375 0.01384083044982699 0.0078125
28 0.06228373702422145 0.2392578125 0.01384083044982699 0.0078125
32 0.16262975778546712 0.5029296875 0.025951557093425604 0.25390625
8 0.16782006920415224 0.6220703125 0.010380622837370242 0.013671875
4 0.16782006920415224 0.5537109375 0.015570934256055362 0.046875
12 0.16782006920415224 0.5146484375 0.012110726643598616 0.0205078125
15 0.16782006920415224 0.423828125 0.012110726643598616 0.033203125
32 0.19896193771626297 0.4951171875 0.02249134948096886 0.251953125
8 0.20069204152249134 0.3759765625 0.00865051903114187 0.01171875
4 0.20069204152249134 0.4443359375 0.015570934256055362 0.0478515625
12 0.20069204152249134 0.4833984375 0.010380622837370242 0.0185546875
15 0.20069204152249134 0.5732421875 0.010380622837370242 0.0341796875
18 0.20069204152249134 0.23046875 0.031141868512110725 0.0185546875
32 0.23183391003460208 0.4951171875 0.025951557093425604 0.2548828125
8 0.23529411764705882 0.3759765625 0.00865051903114187 0.01171875
4 0.23529411764705882 0.4443359375 0.01730103806228374 0.046875
12 0.23529411764705882 0.482421875 0.012110726643598616 0.01953125
15 0.23529411764705882 0.572265625 0.010380622837370242 0.033203125
32 0.27162629757785467 0.51171875 0.03806228373702422 0.3251953125
8 0.2681660899653979 0.666015625 0.006920415224913495 0.0126953125
4 0.27335640138408307 0.55859375 0.01730103806228374 0.0419921875
12 0.2681660899653979 0.5146484375 0.00865051903114187 0.01953125
10 0.2681660899653979 0.4208984375 0.010380622837370242 0.0263671875
15 0.27335640138408307 0.392578125 0.01903114186851211 0.01953125
32 0.32525951557093424 0.5126953125 0.04152249134948097 0.3232421875
8 0.3235294117647059 0.666015625 0.006920415224913495 0.013671875
4 0.328719723183391 0.5576171875 0.020761245674740483 0.0439453125
12 0.3235294117647059 0.5146484375 0.00865051903114187 0.0205078125
10 0.3235294117647059 0.419921875 0.00865051903114187 0.025390625
15 0.328719723183391 0.392578125 0.01903114186851211 0.01953125
0 0.39792387543252594 0.6142578125 0.05709342560553633 0.3271484375
0 0.47923875432525953 0.61328125 0.05536332179930796 0.326171875
0 0.5743944636678201 0.64453125 0.08996539792387544 0.2568359375
28 0.3806228373702422 0.431640625 0.01730103806228374 0.0087890625
27 0.3806228373702422 0.4189453125 0.015570934256055362 0.0087890625
26 0.3806228373702422 0.408203125 0.015570934256055362 0.0087890625
26 0.41695501730103807 0.4033203125 0.01730103806228374 0.0087890625
26 0.45501730103806226 0.359375 0.01903114186851211 0.0107421875
26 0.3771626297577855 0.3115234375 0.01903114186851211 0.0107421875
26 0.4083044982698962 0.3115234375 0.020761245674740483 0.01171875
26 0.49480968858131485 0.40625 0.01903114186851211 0.009765625
26 0.4100346020761246 0.259765625 0.01903114186851211 0.0107421875
26 0.3771626297577855 0.259765625 0.020761245674740483 0.01171875
28 0.4186851211072664 0.4267578125 0.01730103806228374 0.009765625
28 0.45501730103806226 0.38671875 0.01903114186851211 0.0107421875
28 0.49653979238754326 0.43359375 0.01903114186851211 0.0107421875
24 0.45674740484429066 0.4326171875 0.00865051903114187 0.00390625
24 0.45501730103806226 0.4091796875 0.00865051903114187 0.0048828125
24 0.40657439446366783 0.328125 0.01384083044982699 0.0068359375
24 0.3771626297577855 0.328125 0.01903114186851211 0.0087890625
24 0.3771626297577855 0.2763671875 0.01903114186851211 0.009765625
29 0.3806228373702422 0.3955078125 0.01730103806228374 0.0087890625
29 0.4186851211072664 0.3916015625 0.01730103806228374 0.0087890625
29 0.45501730103806226 0.2958984375 0.00865051903114187 0.0068359375
29 0.49480968858131485 0.3427734375 0.00865051903114187 0.0068359375
24 0.4083044982698962 0.2763671875 0.01384083044982699 0.0068359375
27 0.4186851211072664 0.4150390625 0.01730103806228374 0.009765625
27 0.45501730103806226 0.328125 0.012110726643598616 0.0068359375
27 0.49480968858131485 0.375 0.012110726643598616 0.0068359375
27 0.3788927335640138 0.294921875 0.020761245674740483 0.01171875
27 0.4100346020761246 0.294921875 0.020761245674740483 0.01171875
27 0.3788927335640138 0.2431640625 0.020761245674740483 0.01171875
27 0.4100346020761246 0.2431640625 0.020761245674740483 0.01171875
16 0.3771626297577855 0.3642578125 0.01903114186851211 0.025390625
16 0.41695501730103807 0.357421875 0.01903114186851211 0.025390625
16 0.4913494809688581 0.28125 0.010380622837370242 0.0576171875
0 0.5605536332179931 0.3642578125 0.03460207612456748 0.255859375
0 0.629757785467128 0.36328125 0.0328719723183391 0.255859375
28 0.6833910034602076 0.4853515625 0.01903114186851211 0.009765625
28 0.7162629757785467 0.4853515625 0.01903114186851211 0.01171875
28 0.7975778546712803 0.4873046875 0.00865051903114187 0.0048828125
28 0.7750865051903114 0.41015625 0.01730103806228374 0.009765625
28 0.8062283737024222 0.4091796875 0.01730103806228374 0.009765625
16 0.6799307958477508 0.4521484375 0.01903114186851211 0.025390625
10 0.6816608996539792 0.412109375 0.00865051903114187 0.033203125
25 0.6782006920415224 0.3828125 0.02422145328719723 0.0146484375
16 0.6885813148788927 0.3154296875 0.01903114186851211 0.095703125
16 0.7197231833910035 0.36328125 0.01384083044982699 0.064453125
4 0.7145328719723183 0.4384765625 0.00865051903114187 0.05859375
26 0.7197231833910035 0.3154296875 0.02768166089965398 0.013671875
28 0.7214532871972318 0.298828125 0.025951557093425604 0.0126953125
29 0.7197231833910035 0.2822265625 0.012110726643598616 0.0087890625
24 0.7197231833910035 0.265625 0.015570934256055362 0.0078125
27 0.7214532871972318 0.2490234375 0.01384083044982699 0.0078125
27 0.7664359861591695 0.341796875 0.00865051903114187 0.0048828125
27 0.7750865051903114 0.38671875 0.012110726643598616 0.0068359375
27 0.8027681660899654 0.3857421875 0.012110726643598616 0.005859375
29 0.7975778546712803 0.341796875 0.006920415224913495 0.0048828125
16 0.754325259515571 0.4091796875 0.015570934256055362 0.0625
26 0.7664359861591695 0.4873046875 0.00865051903114187 0.0048828125
27 0.759515570934256 0.5283203125 0.010380622837370242 0.005859375
26 0.7768166089965398 0.431640625 0.01730103806228374 0.009765625
26 0.8044982698961938 0.431640625 0.01730103806228374 0.009765625
0 0.6799307958477508 0.642578125 0.08996539792387544 0.2578125
24 0.7629757785467128 0.767578125 0.025951557093425604 0.0146484375
24 0.7993079584775087 0.7685546875 0.02768166089965398 0.013671875
26 0.7612456747404844 0.74609375 0.03460207612456748 0.01953125
26 0.7993079584775087 0.748046875 0.031141868512110725 0.0185546875
26 0.759515570934256 0.578125 0.01903114186851211 0.009765625
27 0.7612456747404844 0.724609375 0.0328719723183391 0.0185546875
27 0.801038062283737 0.7265625 0.02249134948096886 0.01171875
16 0.7577854671280276 0.671875 0.012110726643598616 0.056640625
10 0.7889273356401384 0.6884765625 0.010380622837370242 0.033203125
4 0.8183391003460208 0.6787109375 0.00865051903114187 0.0595703125
16 0.801038062283737 0.5830078125 0.01730103806228374 0.0634765625
25 0.7577854671280276 0.62890625 0.025951557093425604 0.013671875
25 0.7923875432525952 0.62890625 0.025951557093425604 0.013671875
25 0.7577854671280276 0.6005859375 0.025951557093425604 0.0146484375
28 0.759515570934256 0.5654296875 0.01730103806228374 0.009765625
29 0.759515570934256 0.552734375 0.00865051903114187 0.005859375
24 0.759515570934256 0.5400390625 0.010380622837370242 0.005859375
8 0.8477508650519031 0.6875 0.00865051903114187 0.0126953125
10 0.8477508650519031 0.421875 0.00865051903114187 0.021484375
4 0.8512110726643599 0.513671875 0.01730103806228374 0.0458984375
12 0.8477508650519031 0.61328125 0.010380622837370242 0.01953125
15 0.8477508650519031 0.3828125 0.00865051903114187 0.0302734375
32 0.8477508650519031 0.5302734375 0.025951557093425604 0.3291015625
32 0.8944636678200693 0.5302734375 0.03633217993079585 0.330078125
32 0.9429065743944637 0.509765625 0.029411764705882353 0.3408203125
32 0.9844290657439446 0.509765625 0.031141868512110725 0.337890625
8 0.8979238754325259 0.6884765625 0.00865051903114187 0.0107421875
8 0.9446366782006921 0.6708984375 0.006920415224913495 0.0126953125
8 0.9896193771626297 0.6708984375 0.006920415224913495 0.01171875
12 0.8979238754325259 0.6142578125 0.010380622837370242 0.01953125
12 0.9463667820069204 0.5126953125 0.00865051903114187 0.0244140625
12 0.9896193771626297 0.5126953125 0.010380622837370242 0.0234375
11 0.9446366782006921 0.45703125 0.010380622837370242 0.017578125
10 0.9446366782006921 0.3935546875 0.010380622837370242 0.029296875
11 0.9878892733564014 0.45703125 0.006920415224913495 0.0166015625
10 0.9896193771626297 0.392578125 0.00865051903114187 0.0283203125
18 0.9394463667820069 0.23046875 0.0328719723183391 0.0185546875
27 0.08996539792387544 0.42578125 0.020761245674740483 0.0126953125