30 0.04152249134948097 0.0068359375 0.07439446366782007 0.009765625
30 0.11245674740484429 0.0068359375 0.05536332179930796 0.0078125
30 0.2231833910034602 0.0068359375 0.07439446366782007 0.009765625
30 0.2889273356401384 0.0068359375 0.04671280276816609 0.0068359375
30 0.34429065743944637 0.0048828125 0.05190311418685121 0.0087890625
25 0.020761245674740483 0.0283203125 0.031141868512110725 0.0166015625
6 0.2958477508650519 0.0263671875 0.07785467128027682 0.0068359375
6 0.38581314878892736 0.02734375 0.07785467128027682 0.0048828125
7 0.7093425605536332 0.0068359375 0.01730103806228374 0.0107421875
7 0.7301038062283737 0.0048828125 0.012110726643598616 0.0068359375
7 0.7560553633217993 0.0068359375 0.01730103806228374 0.0107421875
7 0.7785467128027682 0.0068359375 0.015570934256055362 0.0087890625
7 0.7993079584775087 0.0068359375 0.012110726643598616 0.0078125
7 0.8200692041522492 0.005859375 0.01384083044982699 0.0048828125
7 0.842560553633218 0.0068359375 0.01730103806228374 0.0087890625
7 0.8667820069204152 0.0068359375 0.01384083044982699 0.0078125
7 0.8961937716262975 0.0078125 0.01384083044982699 0.0087890625
7 0.986159169550173 0.0068359375 0.01730103806228374 0.01171875
25 0.9757785467128027 0.02734375 0.029411764705882353 0.0166015625
9 0.5882352941176471 0.0234375 0.05709342560553633 0.00390625
9 0.6557093425605537 0.0224609375 0.04498269896193772 0.00390625
9 0.7058823529411765 0.0234375 0.0328719723183391 0.0048828125
9 0.7439446366782007 0.0224609375 0.031141868512110725 0.0048828125
9 0.7906574394463668 0.021484375 0.04498269896193772 0.005859375
9 0.8442906574394463 0.021484375 0.04671280276816609 0.00390625
9 0.8494809688581315 0.03125 0.05363321799307959 0.0048828125
18 0.9792387543252595 0.052734375 0.03460207612456748 0.01953125
18 0.9826989619377162 0.1005859375 0.0328719723183391 0.0185546875
32 0.4930795847750865 0.05078125 0.6072664359861591 0.017578125
32 0.4930795847750865 0.07421875 0.6072664359861591 0.017578125
32 0.4913494809688581 0.1015625 0.6055363321799307 0.017578125
32 0.48961937716262977 0.1259765625 0.6072664359861591 0.0205078125
32 0.4913494809688581 0.1533203125 0.6072664359861591 0.017578125
32 0.47923875432525953 0.181640625 0.5467128027681661 0.0205078125
8 0.20588235294117646 0.052734375 0.02422145328719723 0.0048828125
8 0.20588235294117646 0.0751953125 0.02249134948096886 0.00390625
8 0.2041522491349481 0.103515625 0.02249134948096886 0.005859375
8 0.26124567474048443 0.125 0.020761245674740483 0.0048828125
8 0.20242214532871972 0.154296875 0.02422145328719723 0.0048828125
8 0.2179930795847751 0.1806640625 0.020761245674740483 0.00390625
4 0.4031141868512111 0.0517578125 0.08996539792387544 0.009765625
4 0.40484429065743943 0.0751953125 0.08996539792387544 0.0087890625
4 0.4031141868512111 0.1025390625 0.08996539792387544 0.009765625
4 0.5017301038062284 0.1279296875 0.09342560553633218 0.01171875
4 0.4013840830449827 0.1552734375 0.09342560553633218 0.009765625
4 0.4273356401384083 0.1806640625 0.14013840830449828 0.0068359375
12 0.4844290657439446 0.052734375 0.039792387543252594 0.005859375
12 0.486159169550173 0.076171875 0.039792387543252594 0.005859375
12 0.4826989619377163 0.1025390625 0.04325259515570934 0.005859375
12 0.4809688581314879 0.154296875 0.04325259515570934 0.0048828125
12 0.5363321799307958 0.1806640625 0.04498269896193772 0.005859375
11 0.583044982698962 0.052734375 0.0328719723183391 0.0048828125
11 0.5847750865051903 0.076171875 0.031141868512110725 0.0048828125
11 0.583044982698962 0.1025390625 0.031141868512110725 0.0048828125
12 0.6124567474048442 0.125 0.0328719723183391 0.0048828125
11 0.5795847750865052 0.1552734375 0.031141868512110725 0.005859375
10 0.698961937716263 0.052734375 0.05363321799307959 0.005859375
10 0.6972318339100346 0.076171875 0.050173010380622836 0.0048828125
10 0.6955017301038062 0.1025390625 0.050173010380622836 0.0048828125
10 0.7110726643598616 0.125 0.0726643598615917 0.0068359375
10 0.6937716262975778 0.1552734375 0.050173010380622836 0.0048828125
15 0.6903114186851211 0.1806640625 0.05363321799307959 0.0048828125
13 0.6124567474048442 0.1806640625 0.07093425605536333 0.005859375
2 0.9913494809688581 0.13671875 0.01730103806228374 0.04296875
2 0.9913494809688581 0.18359375 0.01730103806228374 0.04296875
2 0.9878892733564014 0.244140625 0.02249134948096886 0.0732421875
2 0.9878892733564014 0.3857421875 0.02422145328719723 0.0546875
2 0.9913494809688581 0.4462890625 0.01730103806228374 0.0595703125
2 0.9913494809688581 0.5087890625 0.01730103806228374 0.0595703125
2 0.9896193771626297 0.5703125 0.01903114186851211 0.0595703125
2 0.9896193771626297 0.6318359375 0.01903114186851211 0.0595703125
2 0.986159169550173 0.671875 0.01730103806228374 0.0107421875
2 0.986159169550173 0.6923828125 0.015570934256055362 0.009765625
2 0.9844290657439446 0.7958984375 0.015570934256055362 0.0107421875
2 0.986159169550173 0.814453125 0.01730103806228374 0.009765625
2 0.986159169550173 0.8349609375 0.01730103806228374 0.009765625
2 0.986159169550173 0.8564453125 0.01730103806228374 0.009765625
2 0.8148788927335641 0.9697265625 0.029411764705882353 0.017578125
2 0.8148788927335641 0.9921875 0.02768166089965398 0.015625
2 0.856401384083045 0.9697265625 0.029411764705882353 0.0166015625
2 0.8555363321799307 0.99267578125 0.029411764705882353 0.0146484375
2 0.8961937716262975 0.9697265625 0.029411764705882353 0.017578125
2 0.8961937716262975 0.9931640625 0.01903114186851211 0.0126953125
2 0.9359861591695502 0.9931640625 0.01903114186851211 0.0126953125
2 0.9359861591695502 0.9697265625 0.029411764705882353 0.017578125
2 0.9878892733564014 0.9638671875 0.02249134948096886 0.0126953125
2 0.9878892733564014 0.98046875 0.02422145328719723 0.0126953125
2 0.9870242214532872 0.9951171875 0.01903114186851211 0.009765625
25 0.020761245674740483 0.2705078125 0.029411764705882353 0.0166015625
28 0.01903114186851211 0.251953125 0.01384083044982699 0.0078125
29 0.01903114186851211 0.240234375 0.01384083044982699 0.0078125
26 0.020761245674740483 0.2265625 0.012110726643598616 0.0078125
28 0.01903114186851211 0.2109375 0.010380622837370242 0.0048828125
27 0.05363321799307959 0.2099609375 0.00865051903114187 0.00390625
26 0.08650519031141868 0.2099609375 0.006920415224913495 0.005859375
29 0.12110726643598616 0.2109375 0.010380622837370242 0.0048828125
24 0.22145328719723184 0.2109375 0.006920415224913495 0.0048828125
26 0.25432525951557095 0.208984375 0.012110726643598616 0.0078125
28 0.2750865051903114 0.208984375 0.012110726643598616 0.0078125
29 0.25432525951557095 0.22265625 0.006920415224913495 0.0029296875
16 0.08823529411764706 0.2265625 0.09342560553633218 0.0068359375
33 0.07612456747404844 0.240234375 0.06920415224913495 0.01171875
33 0.1522491349480969 0.2421875 0.06920415224913495 0.01171875
16 0.27335640138408307 0.2451171875 0.09515570934256055 0.0068359375
11 0.21280276816608998 0.2255859375 0.06055363321799308 0.0078125
11 0.30103806228373703 0.2314453125 0.058823529411764705 0.0078125
11 0.3737024221453287 0.2451171875 0.08650519031141868 0.0107421875
12 0.3806228373702422 0.2265625 0.039792387543252594 0.005859375
16 0.38408304498269896 0.2080078125 0.0847750865051903 0.005859375
26 0.08650519031141868 0.2685546875 0.01384083044982699 0.0146484375
28 0.16782006920415224 0.2685546875 0.020761245674740483 0.01171875
29 0.2491349480968858 0.267578125 0.02422145328719723 0.0107421875
27 0.33217993079584773 0.2685546875 0.020761245674740483 0.0107421875
26 0.38408304498269896 0.2685546875 0.01730103806228374 0.013671875
28 0.4671280276816609 0.2685546875 0.020761245674740483 0.01171875
16 0.4844290657439446 0.2470703125 0.09342560553633218 0.005859375
16 0.4757785467128028 0.2119140625 0.04671280276816609 0.0107421875
8 0.2820069204152249 0.2919921875 0.020761245674740483 0.00390625
4 0.4031141868512111 0.2919921875 0.08131487889273356 0.0087890625
12 0.47231833910034604 0.2919921875 0.03460207612456748 0.005859375
16 0.5415224913494809 0.2333984375 0.21280276816608998 0.01171875
16 0.5674740484429066 0.2109375 0.0847750865051903 0.005859375
28 0.6418685121107266 0.2099609375 0.01903114186851211 0.0107421875
25 0.6868512110726643 0.21484375 0.029411764705882353 0.017578125
16 0.7093425605536332 0.2412109375 0.09515570934256055 0.0068359375
11 0.7076124567474048 0.2568359375 0.08823529411764706 0.0107421875
16 0.7681660899653979 0.2734375 0.21280276816608998 0.01171875
11 0.8062283737024222 0.2451171875 0.07093425605536333 0.0107421875
33 0.8096885813148789 0.2275390625 0.07093425605536333 0.0126953125
29 0.5484429065743944 0.2685546875 0.02422145328719723 0.0107421875
15 0.6314878892733564 0.2919921875 0.05536332179930796 0.005859375
32 0.4930795847750865 0.2900390625 0.44982698961937717 0.013671875
33 0.9307958477508651 0.2822265625 0.06920415224913495 0.01171875
24 0.8961937716262975 0.265625 0.00865051903114187 0.0048828125
24 0.9256055363321799 0.265625 0.006920415224913495 0.0048828125
11 0.9048442906574394 0.2509765625 0.06920415224913495 0.009765625
24 0.8650519031141869 0.2255859375 0.006920415224913495 0.0048828125
28 0.7145328719723183 0.2080078125 0.01384083044982699 0.0078125
26 0.7335640138408305 0.2099609375 0.01384083044982699 0.0078125
28 0.7577854671280276 0.2099609375 0.010380622837370242 0.0048828125
29 0.7335640138408305 0.22265625 0.00865051903114187 0.0029296875
27 0.7923875432525952 0.2099609375 0.00865051903114187 0.0048828125
26 0.8252595155709342 0.2099609375 0.00865051903114187 0.005859375
29 0.8598615916955017 0.2099609375 0.010380622837370242 0.00390625
24 0.9602076124567474 0.2099609375 0.006920415224913495 0.0048828125
25 0.9290657439446367 0.23046875 0.031141868512110725 0.0166015625
26 0.9602076124567474 0.2265625 0.012110726643598616 0.0078125
29 0.9602076124567474 0.240234375 0.01384083044982699 0.0078125
28 0.9619377162629758 0.2529296875 0.01384083044982699 0.0078125
32 0.49480968858131485 0.3095703125 0.44982698961937717 0.0146484375
8 0.2837370242214533 0.3125 0.02422145328719723 0.005859375
4 0.40484429065743943 0.3125 0.08304498269896193 0.0087890625
12 0.4740484429065744 0.3125 0.03633217993079585 0.0068359375
15 0.6349480968858131 0.3125 0.058823529411764705 0.0068359375
32 0.5086505190311419 0.330078125 0.4463667820069204 0.0126953125
8 0.7197231833910035 0.3310546875 0.020761245674740483 0.0048828125
4 0.5986159169550173 0.3310546875 0.0847750865051903 0.0087890625
12 0.5294117647058824 0.3310546875 0.0328719723183391 0.005859375
15 0.370242214532872 0.3310546875 0.06055363321799308 0.005859375
18 0.9775086505190311 0.3310546875 0.0328719723183391 0.017578125
32 0.5086505190311419 0.3486328125 0.4515570934256055 0.0146484375
8 0.7197231833910035 0.3505859375 0.020761245674740483 0.0048828125
4 0.5986159169550173 0.3505859375 0.08304498269896193 0.009765625
12 0.5311418685121108 0.3505859375 0.03460207612456748 0.0068359375
15 0.3719723183391003 0.3505859375 0.058823529411764705 0.005859375
32 0.47923875432525953 0.37109375 0.5761245674740484 0.021484375
8 0.20588235294117646 0.369140625 0.02249134948096886 0.00390625
4 0.3961937716262976 0.3720703125 0.07439446366782007 0.009765625
12 0.4740484429065744 0.369140625 0.03460207612456748 0.0048828125
10 0.6401384083044983 0.369140625 0.04671280276816609 0.005859375
15 0.6903114186851211 0.3720703125 0.03460207612456748 0.0107421875
32 0.47750865051903113 0.4013671875 0.5726643598615917 0.0234375
8 0.20588235294117646 0.400390625 0.02422145328719723 0.00390625
4 0.39792387543252594 0.4033203125 0.07785467128027682 0.01171875
12 0.4740484429065744 0.400390625 0.03633217993079585 0.0048828125
10 0.6418685121107266 0.400390625 0.04498269896193772 0.0048828125
15 0.6903114186851211 0.4033203125 0.03460207612456748 0.0107421875
0 0.2975778546712803 0.4423828125 0.5795847750865052 0.0322265625
0 0.29930795847750863 0.48828125 0.5778546712802768 0.03125
0 0.24394463667820068 0.5419921875 0.45501730103806226 0.05078125
28 0.6211072664359861 0.4326171875 0.015570934256055362 0.009765625
27 0.643598615916955 0.4326171875 0.015570934256055362 0.0087890625
26 0.6626297577854672 0.4326171875 0.015570934256055362 0.0087890625
26 0.671280276816609 0.453125 0.015570934256055362 0.009765625
26 0.7491349480968859 0.474609375 0.01903114186851211 0.0107421875
26 0.8339100346020761 0.4306640625 0.01903114186851211 0.0107421875
26 0.8339100346020761 0.4482421875 0.020761245674740483 0.01171875
26 0.6660899653979239 0.4970703125 0.01730103806228374 0.0107421875
26 0.9256055363321799 0.44921875 0.01903114186851211 0.0107421875
26 0.9256055363321799 0.4306640625 0.020761245674740483 0.01171875
28 0.629757785467128 0.4541015625 0.01730103806228374 0.009765625
28 0.7006920415224913 0.474609375 0.01903114186851211 0.0107421875
28 0.6176470588235294 0.498046875 0.01903114186851211 0.0107421875
24 0.6193771626297578 0.4755859375 0.006920415224913495 0.0048828125
24 0.6608996539792388 0.474609375 0.00865051903114187 0.0048828125
24 0.8044982698961938 0.447265625 0.012110726643598616 0.0078125
24 0.8044982698961938 0.4306640625 0.015570934256055362 0.0107421875
24 0.8961937716262975 0.4306640625 0.01730103806228374 0.0107421875
29 0.6851211072664359 0.4326171875 0.015570934256055362 0.009765625
29 0.6920415224913494 0.4541015625 0.015570934256055362 0.009765625
29 0.8615916955017301 0.474609375 0.012110726643598616 0.0048828125
29 0.7785467128027682 0.4970703125 0.012110726643598616 0.0048828125
24 0.8961937716262975 0.4482421875 0.012110726643598616 0.0078125
27 0.6505190311418685 0.4541015625 0.01730103806228374 0.009765625
27 0.8044982698961938 0.474609375 0.012110726643598616 0.0068359375
27 0.7214532871972318 0.4970703125 0.012110726643598616 0.0068359375
27 0.8633217993079585 0.431640625 0.020761245674740483 0.01171875
27 0.8633217993079585 0.44921875 0.020761245674740483 0.01171875
27 0.9550173010380623 0.431640625 0.020761245674740483 0.01171875
27 0.9550173010380623 0.44921875 0.020761245674740483 0.01171875
16 0.740484429065744 0.4306640625 0.04498269896193772 0.0107421875
16 0.7525951557093425 0.453125 0.04498269896193772 0.0107421875
16 0.8875432525951558 0.4951171875 0.10207612456747404 0.005859375
0 0.740484429065744 0.5341796875 0.4532871972318339 0.01953125
0 0.7422145328719724 0.5732421875 0.4532871972318339 0.0185546875
28 0.5259515570934256 0.603515625 0.01730103806228374 0.0107421875
28 0.5259515570934256 0.6220703125 0.020761245674740483 0.0107421875
28 0.5224913494809689 0.66796875 0.00865051903114187 0.0048828125
28 0.6591695501730104 0.6552734375 0.01730103806228374 0.009765625
28 0.6608996539792388 0.6728515625 0.01730103806228374 0.009765625
16 0.5847750865051903 0.6015625 0.04498269896193772 0.0107421875
10 0.6557093425605537 0.6025390625 0.058823529411764705 0.0048828125
25 0.7076124567474048 0.6005859375 0.025951557093425604 0.013671875
16 0.8269896193771626 0.6064453125 0.1695501730103806 0.0107421875
16 0.7422145328719724 0.6240234375 0.11418685121107267 0.0078125
4 0.6089965397923875 0.62109375 0.10380622837370242 0.0048828125
26 0.8269896193771626 0.6240234375 0.02422145328719723 0.015625
28 0.856401384083045 0.625 0.02249134948096886 0.0146484375
29 0.8858131487889274 0.6240234375 0.015570934256055362 0.0068359375
24 0.9152249134948097 0.6240234375 0.01384083044982699 0.0087890625
27 0.9446366782006921 0.625 0.01384083044982699 0.0078125
27 0.7802768166089965 0.650390625 0.00865051903114187 0.0048828125
27 0.7006920415224913 0.6552734375 0.012110726643598616 0.0068359375
27 0.7024221453287197 0.6708984375 0.010380622837370242 0.0068359375
29 0.7802768166089965 0.66796875 0.00865051903114187 0.00390625
16 0.6608996539792388 0.6435546875 0.11072664359861592 0.0087890625
26 0.5224913494809689 0.650390625 0.00865051903114187 0.0048828125
27 0.44982698961937717 0.646484375 0.010380622837370242 0.005859375
26 0.6211072664359861 0.65625 0.01730103806228374 0.009765625
26 0.6211072664359861 0.671875 0.01730103806228374 0.009765625
0 0.24740484429065743 0.6015625 0.45674740484429066 0.05078125
24 0.025951557093425604 0.6484375 0.025951557093425604 0.0146484375
24 0.02422145328719723 0.6689453125 0.02422145328719723 0.015625
26 0.06401384083044982 0.6474609375 0.03460207612456748 0.01953125
26 0.06055363321799308 0.6689453125 0.0328719723183391 0.017578125
26 0.3615916955017301 0.646484375 0.01730103806228374 0.0107421875
27 0.10207612456747404 0.6474609375 0.0328719723183391 0.0185546875
27 0.0986159169550173 0.669921875 0.020761245674740483 0.0126953125
16 0.19550173010380623 0.6455078125 0.10034602076124567 0.0068359375
10 0.16608996539792387 0.6630859375 0.058823529411764705 0.005859375
4 0.18339100346020762 0.6796875 0.10553633217993079 0.0048828125
16 0.35294117647058826 0.669921875 0.11245674740484429 0.009765625
25 0.27162629757785467 0.6455078125 0.02422145328719723 0.0146484375
25 0.27162629757785467 0.6650390625 0.02422145328719723 0.0146484375
25 0.3217993079584775 0.6455078125 0.025951557093425604 0.0146484375
28 0.38408304498269896 0.646484375 0.01730103806228374 0.009765625
29 0.40657439446366783 0.646484375 0.010380622837370242 0.0048828125
24 0.4290657439446367 0.646484375 0.010380622837370242 0.005859375
8 0.16782006920415224 0.6962890625 0.02249134948096886 0.0048828125
10 0.6384083044982699 0.6962890625 0.03806228373702422 0.0048828125
4 0.4757785467128028 0.6982421875 0.08131487889273356 0.009765625
12 0.29930795847750863 0.6962890625 0.03460207612456748 0.005859375
15 0.7076124567474048 0.6962890625 0.05363321799307959 0.0048828125
32 0.4463667820069204 0.6962890625 0.583044982698962 0.0146484375
32 0.4463667820069204 0.72265625 0.5847750865051903 0.0205078125
32 0.4826989619377163 0.75 0.6038062283737025 0.0166015625
32 0.4826989619377163 0.7734375 0.5986159169550173 0.017578125
8 0.16608996539792387 0.724609375 0.01903114186851211 0.0048828125
8 0.1972318339100346 0.7509765625 0.02249134948096886 0.00390625
4 0.10553633217993079 0.79296875 0.19550173010380623 0.01171875
8 0.1972318339100346 0.7763671875 0.020761245674740483 0.00390625
12 0.2975778546712803 0.724609375 0.03460207612456748 0.005859375
12 0.47750865051903113 0.751953125 0.04325259515570934 0.0048828125
12 0.47750865051903113 0.7763671875 0.04152249134948097 0.005859375
11 0.5761245674740484 0.7509765625 0.031141868512110725 0.005859375
10 0.6885813148788927 0.7509765625 0.05190311418685121 0.005859375
11 0.5761245674740484 0.775390625 0.029411764705882353 0.00390625
10 0.6903114186851211 0.7763671875 0.050173010380622836 0.0048828125
18 0.9775086505190311 0.748046875 0.0328719723183391 0.0185546875
4 0.8581314878892734 0.7958984375 0.1972318339100346 0.0126953125
26 0.8460207612456747 0.8125 0.01730103806228374 0.009765625
26 0.78719723183391 0.837890625 0.02768166089965398 0.013671875
28 0.8667820069204152 0.8125 0.01730103806228374 0.009765625
28 0.8217993079584776 0.837890625 0.02768166089965398 0.013671875
29 0.856401384083045 0.837890625 0.01730103806228374 0.0068359375
29 0.889273356401384 0.8134765625 0.012110726643598616 0.0048828125
24 0.8927335640138409 0.837890625 0.01384083044982699 0.0087890625
24 0.9117647058823529 0.8125 0.010380622837370242 0.0068359375
27 0.9273356401384083 0.837890625 0.015570934256055362 0.0087890625
27 0.9342560553633218 0.8125 0.010380622837370242 0.005859375
0 0.3806228373702422 0.8291015625 0.7301038062283737 0.0478515625
16 0.5103806228373703 0.87109375 0.11418685121107267 0.0087890625
32 0.4930795847750865 0.8896484375 0.6003460207612457 0.015625
4 0.36505190311418684 0.890625 0.08304498269896193 0.009765625
12 0.45674740484429066 0.890625 0.0328719723183391 0.005859375
6 0.610726643598616 0.890625 0.06401384083044982 0.0068359375
32 0.4930795847750865 0.908203125 0.5916955017301038 0.0166015625
4 0.3685121107266436 0.9111328125 0.08304498269896193 0.0078125
12 0.458477508650519 0.9111328125 0.03633217993079585 0.005859375
6 0.6141868512110726 0.9111328125 0.06401384083044982 0.0048828125
0 0.2508650519031142 0.9453125 0.45501730103806226 0.0400390625
4 0.10553633217993079 0.986328125 0.1972318339100346 0.01171875
29 0.026816608996539794 0.9970703125 0.03633217993079585 0.005859375
29 0.07179930795847751 0.9970703125 0.03633217993079585 0.005859375
11 0.1444636678200692 0.99951171875 0.07093425605536333 0.0009765625
11 0.2378892733564014 0.9990234375 0.07439446366782007 0.001953125
0 0.7491349480968859 0.9404296875 0.4532871972318339 0.0380859375
0 0.6427335640138409 0.98388671875 0.2750865051903114 0.0322265625
27 0.6314878892733564 0.2685546875 0.02249134948096886 0.01171875