2 0.9757785467128027 0.3017578125 0.031141868512110725 0.0166015625
2 0.9757785467128027 0.279296875 0.031141868512110725 0.0166015625
2 0.9757785467128027 0.255859375 0.0328719723183391 0.0166015625
2 0.9757785467128027 0.232421875 0.029411764705882353 0.015625
18 0.010380622837370242 0.2294921875 0.020761245674740483 0.01953125
18 0.10207612456747404 0.2294921875 0.03633217993079585 0.01953125
18 0.20588235294117646 0.228515625 0.03633217993079585 0.0205078125
18 0.24567474048442905 0.2294921875 0.0328719723183391 0.0185546875
18 0.24567474048442905 0.3193359375 0.03460207612456748 0.0185546875
7 0.2491349480968858 0.271484375 0.025951557093425604 0.0126953125
7 0.2491349480968858 0.25 0.025951557093425604 0.013671875
7 0.21107266435986158 0.271484375 0.025951557093425604 0.013671875
7 0.2093425605536332 0.25 0.025951557093425604 0.013671875
7 0.16262975778546712 0.271484375 0.025951557093425604 0.013671875
7 0.16262975778546712 0.2509765625 0.025951557093425604 0.013671875
7 0.12283737024221453 0.2802734375 0.01384083044982699 0.0068359375
7 0.1245674740484429 0.2685546875 0.01384083044982699 0.0078125
7 0.09515570934256055 0.2802734375 0.01384083044982699 0.0078125
7 0.09515570934256055 0.267578125 0.01384083044982699 0.0078125
7 0.12629757785467127 0.3037109375 0.02249134948096886 0.0146484375
7 0.12629757785467127 0.32421875 0.02422145328719723 0.0146484375
11 0.21453287197231835 0.47265625 0.025951557093425604 0.060546875
11 0.2491349480968858 0.4794921875 0.020761245674740483 0.04296875
11 0.25259515570934254 0.4248046875 0.02422145328719723 0.0556640625
11 0.1972318339100346 0.33984375 0.015570934256055362 0.03515625
11 0.1643598615916955 0.3408203125 0.015570934256055362 0.0341796875
10 0.1643598615916955 0.4208984375 0.010380622837370242 0.0341796875
10 0.20588235294117646 0.4052734375 0.020761245674740483 0.0615234375
10 0.06228373702422145 0.3671875 0.010380622837370242 0.0361328125
10 0.015570934256055362 0.3671875 0.012110726643598616 0.0361328125
26 0.12629757785467127 0.427734375 0.02768166089965398 0.01171875
28 0.1245674740484429 0.408203125 0.02422145328719723 0.013671875
29 0.1245674740484429 0.38671875 0.020761245674740483 0.0126953125
27 0.12629757785467127 0.365234375 0.02422145328719723 0.01171875
12 0.11937716262975778 0.4599609375 0.010380622837370242 0.01953125
12 0.06228373702422145 0.4052734375 0.010380622837370242 0.025390625
12 0.01730103806228374 0.4052734375 0.010380622837370242 0.025390625
12 0.17301038062283736 0.4599609375 0.010380622837370242 0.01953125
15 0.01730103806228374 0.33203125 0.010380622837370242 0.021484375
15 0.06228373702422145 0.33203125 0.010380622837370242 0.021484375
4 0.01730103806228374 0.4892578125 0.012110726643598616 0.0546875
4 0.06228373702422145 0.4892578125 0.012110726643598616 0.0537109375
29 0.2179930795847751 0.51953125 0.00865051903114187 0.0048828125
29 0.25432525951557095 0.5205078125 0.006920415224913495 0.0048828125
32 0.012975778546712802 0.50439453125 0.025951557093425604 0.3759765625
8 0.015570934256055362 0.6845703125 0.00865051903114187 0.013671875
8 0.11937716262975778 0.7685546875 0.012110726643598616 0.0126953125
8 0.17474048442906576 0.7685546875 0.00865051903114187 0.0126953125
8 0.06401384083044982 0.6845703125 0.00865051903114187 0.0146484375
32 0.05709342560553633 0.505859375 0.031141868512110725 0.3759765625
32 0.11764705882352941 0.6123046875 0.04152249134948097 0.330078125
4 0.11764705882352941 0.6923828125 0.01903114186851211 0.044921875
10 0.11937716262975778 0.5576171875 0.010380622837370242 0.0283203125
32 0.16782006920415224 0.6123046875 0.03633217993079585 0.3291015625
4 0.17301038062283736 0.6923828125 0.02249134948096886 0.0439453125
15 0.17301038062283736 0.58984375 0.01903114186851211 0.0185546875
15 0.11937716262975778 0.58984375 0.01903114186851211 0.0166015625
11 0.2491349480968858 0.36328125 0.025951557093425604 0.0546875
28 0.2179930795847751 0.7705078125 0.015570934256055362 0.009765625
28 0.25259515570934254 0.771484375 0.01730103806228374 0.0087890625
26 0.2179930795847751 0.724609375 0.01730103806228374 0.0087890625
26 0.25432525951557095 0.7255859375 0.01730103806228374 0.0087890625
27 0.2179930795847751 0.673828125 0.01730103806228374 0.0087890625
27 0.25432525951557095 0.6748046875 0.01730103806228374 0.0087890625
0 0.31833910034602075 0.6455078125 0.04671280276816609 0.255859375
11 0.3719723183391003 0.75390625 0.015570934256055362 0.0419921875
11 0.40657439446366783 0.7451171875 0.025951557093425604 0.0546875
11 0.4429065743944637 0.7470703125 0.025951557093425604 0.0546875
12 0.3685121107266436 0.6787109375 0.01903114186851211 0.0458984375
12 0.39965397923875434 0.6748046875 0.01730103806228374 0.0458984375
12 0.4342560553633218 0.67578125 0.01903114186851211 0.0458984375
12 0.46539792387543255 0.6748046875 0.01903114186851211 0.0458984375
16 0.370242214532872 0.6220703125 0.020761245674740483 0.0263671875
16 0.41522491349480967 0.611328125 0.031141868512110725 0.0400390625
16 0.41695501730103807 0.5517578125 0.031141868512110725 0.0380859375
16 0.4602076124567474 0.5478515625 0.02768166089965398 0.0380859375
0 0.31141868512110726 0.3642578125 0.050173010380622836 0.2568359375
26 0.38581314878892736 0.482421875 0.020761245674740483 0.0068359375
26 0.4463667820069204 0.4814453125 0.01903114186851211 0.0078125
26 0.3806228373702422 0.365234375 0.025951557093425604 0.0107421875
26 0.4273356401384083 0.298828125 0.015570934256055362 0.0048828125
28 0.4463667820069204 0.4560546875 0.01903114186851211 0.009765625
28 0.38581314878892736 0.45703125 0.01730103806228374 0.009765625
28 0.4290657439446367 0.2802734375 0.01384083044982699 0.0078125
28 0.3806228373702422 0.3447265625 0.02422145328719723 0.013671875
29 0.38581314878892736 0.4326171875 0.015570934256055362 0.0107421875
29 0.4463667820069204 0.4306640625 0.015570934256055362 0.0107421875
29 0.3806228373702422 0.3232421875 0.020761245674740483 0.0126953125
29 0.4290657439446367 0.2607421875 0.012110726643598616 0.0087890625
27 0.3806228373702422 0.302734375 0.02422145328719723 0.01171875
27 0.38581314878892736 0.4072265625 0.015570934256055362 0.0087890625
27 0.4463667820069204 0.4052734375 0.01730103806228374 0.0087890625
27 0.4290657439446367 0.2421875 0.012110726643598616 0.0068359375
7 0.3806228373702422 0.26171875 0.025951557093425604 0.0146484375
7 0.3806228373702422 0.240234375 0.02422145328719723 0.0166015625
32 0.5017301038062284 0.5068359375 0.03806228373702422 0.2783203125
4 0.5034602076124568 0.5732421875 0.01730103806228374 0.041015625
12 0.5 0.5400390625 0.00865051903114187 0.0205078125
11 0.5 0.517578125 0.00865051903114187 0.017578125
11 0.5536332179930796 0.5166015625 0.00865051903114187 0.017578125
6 0.5 0.45703125 0.00865051903114187 0.0341796875
6 0.5536332179930796 0.4560546875 0.010380622837370242 0.0361328125
4 0.5588235294117647 0.572265625 0.01903114186851211 0.0400390625
4 0.6193771626297578 0.509765625 0.02422145328719723 0.0576171875
4 0.6764705882352942 0.5078125 0.02422145328719723 0.05859375
12 0.6176470588235294 0.419921875 0.006920415224913495 0.021484375
12 0.6747404844290658 0.41796875 0.010380622837370242 0.021484375
8 0.6176470588235294 0.6748046875 0.00865051903114187 0.013671875
8 0.6747404844290658 0.6748046875 0.00865051903114187 0.0146484375
32 0.5519031141868512 0.505859375 0.039792387543252594 0.28125
32 0.6141868512110726 0.4970703125 0.03806228373702422 0.373046875
32 0.6695501730103807 0.498046875 0.039792387543252594 0.373046875
18 0.6141868512110726 0.2275390625 0.031141868512110725 0.0166015625
26 0.7474048442906575 0.75390625 0.06401384083044982 0.01953125
26 0.842560553633218 0.7529296875 0.0657439446366782 0.01953125
26 0.7439446366782007 0.69921875 0.06920415224913495 0.01953125
26 0.7197231833910035 0.6611328125 0.025951557093425604 0.0078125
26 0.7422145328719724 0.62890625 0.020761245674740483 0.0078125
26 0.71280276816609 0.62890625 0.02249134948096886 0.01171875
27 0.7145328719723183 0.642578125 0.02249134948096886 0.013671875
27 0.740484429065744 0.642578125 0.015570934256055362 0.009765625
28 0.71280276816609 0.6142578125 0.02249134948096886 0.01171875
28 0.740484429065744 0.615234375 0.01384083044982699 0.0087890625
24 0.71280276816609 0.6005859375 0.02249134948096886 0.01171875
24 0.7387543252595156 0.6005859375 0.01730103806228374 0.0078125
29 0.7387543252595156 0.5869140625 0.01384083044982699 0.01171875
29 0.7145328719723183 0.5869140625 0.012110726643598616 0.0087890625
0 0.8062283737024222 0.5 0.09169550173010381 0.2568359375
27 0.726643598615917 0.345703125 0.04498269896193772 0.0244140625
27 0.7820069204152249 0.3447265625 0.0328719723183391 0.0185546875
27 0.9065743944636678 0.337890625 0.03460207612456748 0.0185546875
27 0.9100346020761245 0.4013671875 0.020761245674740483 0.0126953125
27 0.9411764705882353 0.400390625 0.020761245674740483 0.01171875
27 0.9463667820069204 0.3369140625 0.02422145328719723 0.0126953125
27 0.9878892733564014 0.357421875 0.02249134948096886 0.0126953125
27 0.9826989619377162 0.4443359375 0.01903114186851211 0.0107421875
26 0.726643598615917 0.3173828125 0.04498269896193772 0.0244140625
26 0.7837370242214533 0.3173828125 0.04152249134948097 0.0126953125
26 0.9065743944636678 0.3583984375 0.0328719723183391 0.0185546875
26 0.9446366782006921 0.357421875 0.0328719723183391 0.0185546875
26 0.986159169550173 0.37841796875 0.02768166089965398 0.0185546875
26 0.9844290657439446 0.4755859375 0.020761245674740483 0.0107421875
26 0.9083044982698962 0.4716796875 0.0328719723183391 0.017578125
26 0.9100346020761245 0.4169921875 0.020761245674740483 0.0126953125
26 0.9411764705882353 0.4169921875 0.020761245674740483 0.01171875
28 0.7283737024221453 0.2890625 0.02768166089965398 0.01953125
28 0.7820069204152249 0.2900390625 0.02768166089965398 0.017578125
28 0.9844290657439446 0.5029296875 0.01903114186851211 0.0107421875
24 0.7283737024221453 0.2607421875 0.04671280276816609 0.0244140625
24 0.7802768166089965 0.2607421875 0.03460207612456748 0.0166015625
24 0.9100346020761245 0.4345703125 0.020761245674740483 0.0107421875
24 0.9377162629757786 0.43359375 0.01384083044982699 0.0068359375
24 0.9878892733564014 0.3359375 0.02422145328719723 0.01171875
28 0.9083044982698962 0.455078125 0.02249134948096886 0.01171875
29 0.7283737024221453 0.232421875 0.02249134948096886 0.017578125
29 0.7820069204152249 0.232421875 0.029411764705882353 0.0205078125
29 0.9844290657439446 0.412109375 0.010380622837370242 0.0078125
18 0.8183391003460208 0.2265625 0.0328719723183391 0.0166015625
18 0.8650519031141869 0.2265625 0.029411764705882353 0.015625
18 0.903114186851211 0.2275390625 0.029411764705882353 0.015625
21 0.9307958477508651 0.650390625 0.00865051903114187 0.0205078125
23 0.9550173010380623 0.6396484375 0.012110726643598616 0.0400390625
20 0.9974048442906575 0.63916015625 0.005190311418685121 0.0419921875
22 0.9394463667820069 0.5 0.12110726643598616 0.35546875