2 0.8148788927335641 0.00048828125 0.02768166089965398 0.0009765625
2 0.8555363321799307 0.00048828125 0.029411764705882353 0.0009765625
2 0.9870242214532872 0.00048828125 0.01903114186851211 0.0009765625
2 0.9896193771626297 0.041015625 0.01903114186851211 0.0107421875
2 0.9896193771626297 0.072265625 0.01903114186851211 0.04296875
2 0.9896193771626297 0.119140625 0.01903114186851211 0.04296875
2 0.8512110726643599 0.7685546875 0.029411764705882353 0.017578125
2 0.8910034602076125 0.7685546875 0.029411764705882353 0.017578125
2 0.9325259515570934 0.7685546875 0.029411764705882353 0.0185546875
2 0.9740484429065744 0.7685546875 0.02768166089965398 0.0166015625
2 0.8512110726643599 0.7919921875 0.02768166089965398 0.015625
2 0.8910034602076125 0.7919921875 0.02768166089965398 0.0166015625
2 0.9325259515570934 0.7919921875 0.025951557093425604 0.0166015625
2 0.9740484429065744 0.7919921875 0.02768166089965398 0.0166015625
29 0.026816608996539794 0.0048828125 0.03633217993079585 0.009765625
29 0.07179930795847751 0.00439453125 0.03633217993079585 0.0087890625
11 0.1444636678200692 0.00390625 0.07093425605536333 0.0078125
11 0.2378892733564014 0.00341796875 0.07439446366782007 0.0068359375
0 0.8737024221453287 0.0234375 0.21972318339100347 0.0166015625
29 0.7820069204152249 0.0478515625 0.03633217993079585 0.015625
29 0.8339100346020761 0.048828125 0.03806228373702422 0.015625
11 0.8979238754325259 0.0498046875 0.0726643598615917 0.0087890625
16 0.8044982698961938 0.064453125 0.08650519031141868 0.005859375
16 0.8252595155709342 0.080078125 0.12110726643598616 0.0087890625
16 0.8304498269896193 0.0986328125 0.12110726643598616 0.0087890625
26 0.7906574394463668 0.1181640625 0.0328719723183391 0.0185546875
0 0.38408304498269896 0.052734375 0.7335640138408305 0.048828125
0 0.19550173010380623 0.1123046875 0.3615916955017301 0.025390625
0 0.19377162629757785 0.15625 0.36678200692041524 0.02734375
27 0.2820069204152249 0.1884765625 0.00865051903114187 0.00390625
29 0.2820069204152249 0.2060546875 0.00865051903114187 0.00390625
10 0.4359861591695502 0.1982421875 0.08650519031141868 0.0078125
10 0.4204152249134948 0.1806640625 0.058823529411764705 0.0048828125
10 0.4186851211072664 0.166015625 0.058823529411764705 0.00390625
10 0.5224913494809689 0.171875 0.11591695501730104 0.01171875
26 0.39965397923875434 0.1435546875 0.01384083044982699 0.0107421875
26 0.4013840830449827 0.1005859375 0.00865051903114187 0.0048828125
26 0.5207612456747405 0.1474609375 0.012110726643598616 0.009765625
26 0.025951557093425604 0.1884765625 0.00865051903114187 0.0048828125
28 0.02422145328719723 0.2060546875 0.00865051903114187 0.0048828125
28 0.4013840830449827 0.1181640625 0.010380622837370242 0.0048828125
28 0.42560553633217996 0.14453125 0.01384083044982699 0.01171875
28 0.5467128027681661 0.1474609375 0.01384083044982699 0.0107421875
29 0.4515570934256055 0.1455078125 0.00865051903114187 0.0068359375
29 0.6591695501730104 0.1181640625 0.010380622837370242 0.0048828125
29 0.5726643598615917 0.1494140625 0.00865051903114187 0.005859375
27 0.4844290657439446 0.1455078125 0.010380622837370242 0.0068359375
27 0.6055363321799307 0.1484375 0.012110726643598616 0.0087890625
27 0.6591695501730104 0.1005859375 0.010380622837370242 0.0048828125
0 0.7993079584775087 0.15625 0.328719723183391 0.04296875
25 0.5155709342560554 0.1982421875 0.039792387543252594 0.021484375
25 0.5692041522491349 0.1982421875 0.03806228373702422 0.0224609375
25 0.6193771626297578 0.1982421875 0.039792387543252594 0.0224609375
25 0.6747404844290658 0.197265625 0.03806228373702422 0.021484375
26 0.7197231833910035 0.1923828125 0.01384083044982699 0.0078125
26 0.7197231833910035 0.2080078125 0.01384083044982699 0.0078125
28 0.7439446366782007 0.19140625 0.015570934256055362 0.0078125
28 0.7439446366782007 0.2080078125 0.015570934256055362 0.0068359375
29 0.7716262975778547 0.1923828125 0.015570934256055362 0.0068359375
29 0.7716262975778547 0.2080078125 0.01730103806228374 0.0068359375
27 0.7975778546712803 0.1923828125 0.012110726643598616 0.0078125
27 0.7975778546712803 0.208984375 0.01384083044982699 0.0068359375
7 0.8494809688581315 0.1923828125 0.01730103806228374 0.0068359375
7 0.8737024221453287 0.1923828125 0.01730103806228374 0.0068359375
7 0.8477508650519031 0.208984375 0.01730103806228374 0.0068359375
7 0.8754325259515571 0.208984375 0.01903114186851211 0.0068359375
18 0.9359861591695502 0.1923828125 0.03460207612456748 0.021484375
18 0.9757785467128027 0.1923828125 0.03460207612456748 0.01953125
18 0.9792387543252595 0.220703125 0.03460207612456748 0.0185546875
18 0.9792387543252595 0.275390625 0.03460207612456748 0.0205078125
18 0.9809688581314879 0.333984375 0.03633217993079585 0.0205078125
18 0.9792387543252595 0.3564453125 0.0328719723183391 0.0185546875
18 0.8200692041522492 0.3564453125 0.0328719723183391 0.01953125
7 0.9048442906574394 0.3583984375 0.02249134948096886 0.0146484375
7 0.9429065743944637 0.3583984375 0.02422145328719723 0.0146484375
7 0.9048442906574394 0.3369140625 0.02422145328719723 0.0146484375
7 0.9429065743944637 0.3359375 0.02422145328719723 0.0146484375
7 0.9048442906574394 0.3095703125 0.02422145328719723 0.0146484375
7 0.9411764705882353 0.3095703125 0.02422145328719723 0.0146484375
7 0.889273356401384 0.287109375 0.012110726643598616 0.0078125
7 0.9100346020761245 0.2880859375 0.01384083044982699 0.0078125
7 0.889273356401384 0.271484375 0.01384083044982699 0.0078125
7 0.9117647058823529 0.271484375 0.01384083044982699 0.0078125
7 0.8477508650519031 0.2890625 0.025951557093425604 0.0126953125
7 0.8114186851211073 0.2890625 0.025951557093425604 0.013671875
11 0.5484429065743944 0.3388671875 0.10726643598615918 0.0146484375
11 0.5363321799307958 0.3583984375 0.07612456747404844 0.01171875
11 0.6332179930795848 0.3603515625 0.0986159169550173 0.013671875
11 0.7837370242214533 0.3291015625 0.06228373702422145 0.0087890625
11 0.7820069204152249 0.310546875 0.06055363321799308 0.0087890625
10 0.6401384083044983 0.310546875 0.06055363321799308 0.005859375
10 0.6678200692041523 0.333984375 0.10899653979238755 0.01171875
10 0.7352941176470589 0.2529296875 0.06401384083044982 0.005859375
10 0.7352941176470589 0.2265625 0.06401384083044982 0.0068359375
26 0.6280276816608996 0.2890625 0.020761245674740483 0.015625
28 0.6626297577854672 0.2880859375 0.02422145328719723 0.013671875
29 0.7006920415224913 0.2880859375 0.02249134948096886 0.01171875
27 0.7387543252595156 0.2890625 0.020761245674740483 0.013671875
12 0.5709342560553633 0.28515625 0.03460207612456748 0.005859375
12 0.6678200692041523 0.2529296875 0.04498269896193772 0.005859375
12 0.6678200692041523 0.2275390625 0.04498269896193772 0.005859375
12 0.5709342560553633 0.3154296875 0.03460207612456748 0.005859375
15 0.7975778546712803 0.2275390625 0.03806228373702422 0.005859375
15 0.7975778546712803 0.2529296875 0.03806228373702422 0.005859375
4 0.5190311418685121 0.2275390625 0.09688581314878893 0.0068359375
4 0.5190311418685121 0.2529296875 0.09515570934256055 0.0068359375
29 0.46539792387543255 0.3408203125 0.00865051903114187 0.0048828125
29 0.46366782006920415 0.361328125 0.00865051903114187 0.00390625
32 0.4913494809688581 0.224609375 0.6660899653979239 0.0166015625
8 0.17301038062283736 0.2265625 0.02422145328719723 0.0048828125
8 0.02422145328719723 0.28515625 0.02249134948096886 0.0068359375
8 0.02422145328719723 0.31640625 0.02249134948096886 0.0048828125
8 0.17301038062283736 0.25390625 0.025951557093425604 0.0048828125
32 0.48961937716262977 0.25 0.6660899653979239 0.017578125
32 0.30103806228373703 0.2841796875 0.5847750865051903 0.0234375
4 0.15916955017301038 0.2841796875 0.07958477508650519 0.0107421875
10 0.39792387543252594 0.28515625 0.050173010380622836 0.005859375
32 0.30103806228373703 0.3125 0.583044982698962 0.0205078125
4 0.15916955017301038 0.3154296875 0.07785467128027682 0.0126953125
15 0.3408304498269896 0.3154296875 0.0328719723183391 0.0107421875
15 0.3408304498269896 0.28515625 0.029411764705882353 0.0107421875
11 0.7422145328719724 0.3583984375 0.09688581314878893 0.0146484375
28 0.020761245674740483 0.3408203125 0.01730103806228374 0.0087890625
28 0.01903114186851211 0.3603515625 0.015570934256055362 0.009765625
26 0.10207612456747404 0.3408203125 0.015570934256055362 0.009765625
26 0.10034602076124567 0.361328125 0.015570934256055362 0.009765625
27 0.19204152249134948 0.3408203125 0.015570934256055362 0.009765625
27 0.1903114186851211 0.361328125 0.015570934256055362 0.009765625
0 0.2422145328719723 0.3974609375 0.4532871972318339 0.0263671875
11 0.050173010380622836 0.427734375 0.07439446366782007 0.0087890625
11 0.0657439446366782 0.447265625 0.09688581314878893 0.0146484375
11 0.06228373702422145 0.4677734375 0.09688581314878893 0.0146484375
12 0.18339100346020762 0.42578125 0.08131487889273356 0.0107421875
12 0.1903114186851211 0.443359375 0.08131487889273356 0.009765625
12 0.18858131487889274 0.462890625 0.08131487889273356 0.0107421875
12 0.1903114186851211 0.48046875 0.08131487889273356 0.0107421875
16 0.2837370242214533 0.4267578125 0.04671280276816609 0.01171875
16 0.3027681660899654 0.4521484375 0.07093425605536333 0.017578125
16 0.4083044982698962 0.453125 0.06747404844290658 0.017578125
16 0.41522491349480967 0.4775390625 0.06747404844290658 0.015625
0 0.740484429065744 0.3935546875 0.45501730103806226 0.0283203125
26 0.5311418685121108 0.435546875 0.012110726643598616 0.01171875
26 0.532871972318339 0.4697265625 0.01384083044982699 0.0107421875
26 0.7387543252595156 0.4326171875 0.01903114186851211 0.0146484375
26 0.856401384083045 0.458984375 0.00865051903114187 0.0087890625
28 0.5778546712802768 0.4697265625 0.01730103806228374 0.0107421875
28 0.5761245674740484 0.435546875 0.01730103806228374 0.009765625
28 0.889273356401384 0.4599609375 0.01384083044982699 0.0078125
28 0.7750865051903114 0.4326171875 0.02422145328719723 0.013671875
29 0.6193771626297578 0.435546875 0.01903114186851211 0.0087890625
29 0.6228373702422145 0.4697265625 0.01903114186851211 0.0087890625
29 0.8131487889273357 0.4326171875 0.02249134948096886 0.01171875
29 0.9238754325259516 0.4599609375 0.015570934256055362 0.0068359375
27 0.8494809688581315 0.4326171875 0.020761245674740483 0.013671875
27 0.6643598615916955 0.435546875 0.015570934256055362 0.0087890625
27 0.6678200692041523 0.4697265625 0.015570934256055362 0.009765625
27 0.9567474048442907 0.4599609375 0.012110726643598616 0.0068359375
7 0.9221453287197232 0.4326171875 0.025951557093425604 0.0146484375
7 0.9602076124567474 0.4326171875 0.029411764705882353 0.013671875
32 0.48788927335640137 0.5009765625 0.4930795847750865 0.021484375
4 0.370242214532872 0.501953125 0.0726643598615917 0.009765625
12 0.4290657439446367 0.5 0.03633217993079585 0.0048828125
11 0.4688581314878893 0.5 0.031141868512110725 0.0048828125
11 0.47058823529411764 0.5302734375 0.031141868512110725 0.0048828125
6 0.5761245674740484 0.5 0.06055363321799308 0.0048828125
6 0.5778546712802768 0.5302734375 0.06401384083044982 0.005859375
4 0.3719723183391003 0.533203125 0.07093425605536333 0.0107421875
4 0.4826989619377163 0.5673828125 0.10207612456747404 0.013671875
4 0.486159169550173 0.599609375 0.10380622837370242 0.013671875
12 0.6418685121107266 0.56640625 0.03806228373702422 0.00390625
12 0.6453287197231834 0.5986328125 0.03806228373702422 0.005859375
8 0.1903114186851211 0.56640625 0.02422145328719723 0.0048828125
8 0.1903114186851211 0.5986328125 0.025951557093425604 0.0048828125
32 0.48961937716262977 0.529296875 0.4982698961937716 0.0224609375
32 0.5051903114186851 0.564453125 0.6608996539792388 0.021484375
32 0.5034602076124568 0.595703125 0.6608996539792388 0.0224609375
18 0.9826989619377162 0.564453125 0.029411764705882353 0.017578125
26 0.050173010380622836 0.6396484375 0.03460207612456748 0.0361328125
26 0.05190311418685121 0.693359375 0.03460207612456748 0.037109375
26 0.14705882352941177 0.6376953125 0.03460207612456748 0.0390625
26 0.21453287197231835 0.6240234375 0.01384083044982699 0.0146484375
26 0.27162629757785467 0.63671875 0.01384083044982699 0.01171875
26 0.27162629757785467 0.6201171875 0.020761245674740483 0.0126953125
27 0.24740484429065743 0.62109375 0.02422145328719723 0.0126953125
27 0.24740484429065743 0.6357421875 0.01730103806228374 0.0087890625
28 0.2975778546712803 0.6201171875 0.020761245674740483 0.0126953125
28 0.2958477508650519 0.6357421875 0.015570934256055362 0.0078125
24 0.3217993079584775 0.6201171875 0.020761245674740483 0.0126953125
24 0.3217993079584775 0.634765625 0.01384083044982699 0.009765625
29 0.3460207612456747 0.634765625 0.020761245674740483 0.0078125
29 0.3460207612456747 0.62109375 0.015570934256055362 0.0068359375
0 0.5 0.6728515625 0.45501730103806226 0.0517578125
27 0.773356401384083 0.6279296875 0.04325259515570934 0.025390625
27 0.7750865051903114 0.6591796875 0.0328719723183391 0.0185546875
27 0.78719723183391 0.7294921875 0.0328719723183391 0.01953125
27 0.6747404844290658 0.7314453125 0.02249134948096886 0.01171875
27 0.6764705882352942 0.7490234375 0.020761245674740483 0.01171875
27 0.7889273356401384 0.751953125 0.02249134948096886 0.013671875
27 0.7525951557093425 0.775390625 0.02249134948096886 0.0126953125
27 0.7525951557093425 0.798828125 0.020761245674740483 0.0126953125
27 0.7923875432525952 0.8203125 0.02249134948096886 0.0126953125
27 0.7906574394463668 0.837890625 0.02249134948096886 0.0126953125
27 0.5069204152249135 0.828125 0.01384083044982699 0.0087890625
27 0.596885813148789 0.794921875 0.01903114186851211 0.01171875
27 0.5986159169550173 0.7724609375 0.01903114186851211 0.0107421875
26 0.8235294117647058 0.6279296875 0.04325259515570934 0.025390625
26 0.8235294117647058 0.66015625 0.02249134948096886 0.0234375
26 0.7508650519031141 0.7294921875 0.0328719723183391 0.0185546875
26 0.7525951557093425 0.7509765625 0.0328719723183391 0.0185546875
26 0.7145328719723183 0.7763671875 0.0328719723183391 0.0185546875
26 0.7145328719723183 0.7998046875 0.01384083044982699 0.013671875
26 0.5432525951557093 0.7734375 0.01903114186851211 0.01171875
26 0.5501730103806228 0.73046875 0.031141868512110725 0.0185546875
26 0.4100346020761246 0.8232421875 0.05190311418685121 0.0302734375
26 0.4100346020761246 0.8583984375 0.05363321799307959 0.03125
26 0.4515570934256055 0.8310546875 0.02422145328719723 0.013671875
26 0.4515570934256055 0.8154296875 0.02422145328719723 0.013671875
26 0.7629757785467128 0.837890625 0.020761245674740483 0.0126953125
26 0.7629757785467128 0.8203125 0.020761245674740483 0.0126953125
26 0.7941176470588235 0.875 0.0328719723183391 0.0185546875
26 0.5051903114186851 0.8818359375 0.03633217993079585 0.037109375
26 0.5605536332179931 0.9453125 0.01730103806228374 0.0107421875
26 0.6833910034602076 0.9453125 0.01730103806228374 0.01171875
26 0.5415224913494809 0.794921875 0.01903114186851211 0.01171875
26 0.6470588235294118 0.7314453125 0.02249134948096886 0.01171875
26 0.6470588235294118 0.7490234375 0.020761245674740483 0.01171875
28 0.8737024221453287 0.62890625 0.03460207612456748 0.015625
28 0.8719723183391004 0.6591796875 0.031141868512110725 0.015625
28 0.49480968858131485 0.7734375 0.01903114186851211 0.0107421875
28 0.4913494809688581 0.794921875 0.01903114186851211 0.01171875
28 0.5069204152249135 0.814453125 0.01384083044982699 0.0087890625
28 0.5882352941176471 0.9443359375 0.01903114186851211 0.009765625
28 0.7110726643598616 0.9453125 0.01903114186851211 0.0087890625
27 0.7681660899653979 0.9453125 0.015570934256055362 0.0087890625
27 0.6453287197231834 0.9453125 0.015570934256055362 0.0087890625
29 0.6176470588235294 0.9453125 0.020761245674740483 0.0087890625
29 0.7387543252595156 0.9462890625 0.01903114186851211 0.0087890625
24 0.9238754325259516 0.62890625 0.04325259515570934 0.0263671875
24 0.9238754325259516 0.658203125 0.029411764705882353 0.01953125
24 0.615916955017301 0.7314453125 0.01903114186851211 0.01171875
24 0.6176470588235294 0.7470703125 0.012110726643598616 0.0078125
24 0.7906574394463668 0.775390625 0.020761245674740483 0.013671875
24 0.7923875432525952 0.798828125 0.01730103806228374 0.0126953125
24 0.7335640138408305 0.8193359375 0.01730103806228374 0.013671875
24 0.7318339100346021 0.8359375 0.01384083044982699 0.0087890625
24 0.3633217993079585 0.8134765625 0.010380622837370242 0.0068359375
24 0.3615916955017301 0.8291015625 0.010380622837370242 0.0068359375
28 0.7941176470588235 0.9462890625 0.01903114186851211 0.01171875
28 0.698961937716263 0.8193359375 0.01903114186851211 0.0107421875
28 0.6608996539792388 0.8193359375 0.01903114186851211 0.0107421875
28 0.5795847750865052 0.73046875 0.020761245674740483 0.0126953125
29 0.9740484429065744 0.62890625 0.031141868512110725 0.0126953125
29 0.9740484429065744 0.6591796875 0.03633217993079585 0.0166015625
29 0.6557093425605537 0.7734375 0.01384083044982699 0.005859375
29 0.6522491349480969 0.794921875 0.012110726643598616 0.005859375
29 0.5259515570934256 0.8447265625 0.03633217993079585 0.0146484375
29 0.7906574394463668 0.857421875 0.03806228373702422 0.0146484375
29 0.22664359861591696 0.828125 0.01384083044982699 0.0087890625
18 0.9844290657439446 0.6796875 0.029411764705882353 0.0185546875
18 0.9844290657439446 0.7060546875 0.02768166089965398 0.0166015625
18 0.9826989619377162 0.7275390625 0.02768166089965398 0.0166015625
18 0.9844290657439446 0.939453125 0.02768166089965398 0.0166015625
18 0.986159169550173 0.958984375 0.02768166089965398 0.015625
25 0.020761245674740483 0.986328125 0.02249134948096886 0.0126953125
25 0.04844290657439446 0.984375 0.02249134948096886 0.0126953125
25 0.13321799307958476 0.986328125 0.020761245674740483 0.0126953125
25 0.16608996539792387 0.9853515625 0.020761245674740483 0.0126953125
25 0.2041522491349481 0.9853515625 0.031141868512110725 0.0166015625
30 0.29930795847750863 0.9853515625 0.09169550173010381 0.01171875
30 0.39965397923875434 0.986328125 0.09342560553633218 0.01171875
30 0.5069204152249135 0.986328125 0.09342560553633218 0.01171875
34 0.21972318339100347 0.9501953125 0.039792387543252594 0.0048828125
31 0.2889273356401384 0.9501953125 0.0657439446366782 0.005859375
19 0.43944636678200694 0.9501953125 0.09169550173010381 0.005859375
34 0.35121107266435986 0.9404296875 0.031141868512110725 0.0048828125
31 0.4532871972318339 0.9404296875 0.04844290657439446 0.005859375
21 0.23529411764705882 0.90234375 0.03460207612456748 0.0048828125
21 0.23356401384083045 0.7431640625 0.03633217993079585 0.0048828125
21 0.23529411764705882 0.8505859375 0.03633217993079585 0.005859375
21 0.23529411764705882 0.876953125 0.03806228373702422 0.005859375
23 0.25259515570934254 0.7568359375 0.07093425605536333 0.0068359375
23 0.25259515570934254 0.857421875 0.0726643598615917 0.0048828125
23 0.25259515570934254 0.8828125 0.06920415224913495 0.0048828125
23 0.25259515570934254 0.908203125 0.06920415224913495 0.0048828125
20 0.25259515570934254 0.7822265625 0.07439446366782007 0.005859375
19 0.25259515570934254 0.7890625 0.07093425605536333 0.0048828125
33 0.2768166089965398 0.7958984375 0.11937716262975778 0.0048828125
26 0.22491349480968859 0.814453125 0.015570934256055362 0.0078125
22 0.5 0.837890625 0.629757785467128 0.2470703125