5 0.7250712250712251 0.0615234375 0.2606837606837607 0.0234375
14 0.8262108262108262 0.04296875 0.05270655270655271 0.009765625
32 0.49002849002849 0.0986328125 0.6538461538461539 0.02734375
1 0.5 0.2109375 1 0.189453125
13 0.6495726495726496 0.099609375 0.09686609686609686 0.009765625
12 0.5413105413105413 0.0986328125 0.0584045584045584 0.009765625
4 0.42450142450142453 0.1025390625 0.11538461538461539 0.017578125
17 0.2792022792022792 0.1025390625 0.11823361823361823 0.017578125
8 0.17663817663817663 0.099609375 0.024216524216524215 0.0078125
9 0.7649572649572649 0.04296875 0.05982905982905983 0.0087890625
3 0.49145299145299143 0.01171875 0.7321937321937322 0.0224609375
30 0.17236467236467237 0.01171875 0.09259259259259259 0.015625
7 0.8461538461538461 0.0107421875 0.017094017094017096 0.0126953125
11 0.7478632478632479 0.099609375 0.04131054131054131 0.0087890625
16 0.4943019943019943 0.34375 0.3803418803418803 0.021484375
11 0.4943019943019943 0.5771484375 0.11538461538461539 0.021484375