1 0.5042735042735043 0.7900390625 0.99002849002849 0.19140625
32 0.5170940170940171 0.900390625 0.6680911680911681 0.03125
8 0.8233618233618234 0.9013671875 0.027065527065527065 0.0087890625
17 0.7207977207977208 0.8974609375 0.11396011396011396 0.017578125
4 0.5740740740740741 0.8974609375 0.11823361823361823 0.015625
12 0.45726495726495725 0.900390625 0.05698005698005698 0.009765625
13 0.3504273504273504 0.9013671875 0.09686609686609686 0.0107421875
11 0.25213675213675213 0.9013671875 0.038461538461538464 0.0087890625
5 0.27492877492877493 0.9384765625 0.2621082621082621 0.021484375
9 0.23646723646723647 0.9560546875 0.05982905982905983 0.0087890625
14 0.1737891737891738 0.9560546875 0.05270655270655271 0.0087890625
3 0.5071225071225072 0.98828125 0.7336182336182336 0.0224609375
7 0.15384615384615385 0.9892578125 0.017094017094017096 0.01171875
16 0.5042735042735043 0.65625 0.3803418803418803 0.021484375
11 0.5028490028490028 0.4228515625 0.11396011396011396 0.01953125
30 0.8276353276353277 0.9892578125 0.08831908831908832 0.0126953125