0 0.49715099715099714 0.41796875 0.7150997150997151 0.05078125
25 0.12393162393162394 0.978515625 0.029914529914529916 0.021484375
10 0.2948717948717949 0.224609375 0.07264957264957266 0.009765625
22 0.49715099715099714 0.7060546875 0.8005698005698005 0.482421875
31 0.5042735042735043 0.90625 0.07692307692307693 0.009765625
27 0.2692307692307692 0.8740234375 0.017094017094017096 0.01171875
26 0.1752136752136752 0.8740234375 0.017094017094017096 0.01171875
33 0.2564102564102564 0.7451171875 0.18376068376068377 0.0087890625
19 0.21937321937321938 0.71875 0.10826210826210826 0.0078125
20 0.21937321937321938 0.7041015625 0.1111111111111111 0.0087890625
23 0.21794871794871795 0.619140625 0.10398860398860399 0.0078125
21 0.19373219373219372 0.53515625 0.05555555555555555 0.0078125
30 0.2150997150997151 0.9794921875 0.11823361823361823 0.01953125