0 0.49572649572649574 0.416015625 0.7207977207977208 0.052734375
22 0.49572649572649574 0.708984375 0.7977207977207977 0.4814453125
25 0.12393162393162394 0.9794921875 0.029914529914529916 0.0205078125
31 0.5042735042735043 0.90625 0.07692307692307693 0.0107421875
26 0.1737891737891738 0.8740234375 0.019943019943019943 0.013671875
27 0.2692307692307692 0.8740234375 0.019943019943019943 0.0126953125
33 0.2564102564102564 0.7451171875 0.18376068376068377 0.0087890625
19 0.21794871794871795 0.71875 0.10683760683760683 0.0087890625
20 0.2207977207977208 0.7041015625 0.11396011396011396 0.01171875
23 0.21794871794871795 0.6181640625 0.10541310541310542 0.0078125
21 0.19230769230769232 0.53515625 0.05270655270655271 0.0078125
10 0.2962962962962963 0.224609375 0.07977207977207977 0.013671875
30 0.2150997150997151 0.978515625 0.11538461538461539 0.0185546875