5 0.7264957264957265 0.0615234375 0.2621082621082621 0.0205078125
14 0.8262108262108262 0.0439453125 0.05270655270655271 0.0068359375
9 0.7649572649572649 0.04296875 0.06125356125356125 0.009765625
32 0.4886039886039886 0.099609375 0.6552706552706553 0.029296875
1 0.49145299145299143 0.2109375 0.9829059829059829 0.1904296875
3 0.49145299145299143 0.01171875 0.7350427350427351 0.0234375
7 0.8475783475783476 0.0107421875 0.01566951566951567 0.0126953125
8 0.17663817663817663 0.0986328125 0.03133903133903134 0.0107421875
17 0.2777777777777778 0.1025390625 0.11538461538461539 0.0166015625
4 0.42450142450142453 0.1015625 0.11538461538461539 0.017578125
12 0.5427350427350427 0.0986328125 0.0584045584045584 0.0107421875
13 0.6495726495726496 0.099609375 0.09686609686609686 0.0107421875
11 0.7478632478632479 0.099609375 0.039886039886039885 0.01171875
16 0.49572649572649574 0.3447265625 0.3803418803418803 0.0224609375
11 0.49572649572649574 0.576171875 0.11253561253561253 0.0185546875
30 0.17236467236467237 0.01171875 0.08974358974358974 0.017578125
5 0.8418803418803419 0.0625 0.02564102564102564 0.0185546875