1 0.49572649572649574 0.2099609375 0.99002849002849 0.19140625
32 0.4829059829059829 0.099609375 0.6680911680911681 0.03125
8 0.17663817663817663 0.0986328125 0.027065527065527065 0.0087890625
17 0.2792022792022792 0.1025390625 0.11396011396011396 0.017578125
4 0.42592592592592593 0.1025390625 0.11823361823361823 0.015625
12 0.5427350427350427 0.099609375 0.05698005698005698 0.009765625
13 0.6495726495726496 0.0986328125 0.09686609686609686 0.0107421875
11 0.7478632478632479 0.0986328125 0.038461538461538464 0.0087890625
5 0.7250712250712251 0.0615234375 0.2621082621082621 0.021484375
9 0.7635327635327636 0.0439453125 0.05982905982905983 0.0087890625
14 0.8262108262108262 0.0439453125 0.05270655270655271 0.0087890625
3 0.4928774928774929 0.01171875 0.7336182336182336 0.0224609375
7 0.8461538461538461 0.0107421875 0.017094017094017096 0.01171875
16 0.49572649572649574 0.34375 0.3803418803418803 0.021484375
11 0.49715099715099714 0.5771484375 0.11396011396011396 0.01953125
30 0.17236467236467237 0.0107421875 0.08831908831908832 0.0126953125