0 0.49715099715099714 0.41796875 0.7165242165242165 0.0498046875
25 0.12535612535612536 0.978515625 0.02849002849002849 0.021484375
10 0.2962962962962963 0.2255859375 0.07977207977207977 0.009765625
22 0.49572649572649574 0.7041015625 0.7977207977207977 0.4814453125
31 0.5042735042735043 0.90625 0.07692307692307693 0.0087890625
27 0.2692307692307692 0.873046875 0.019943019943019943 0.01171875
26 0.1737891737891738 0.873046875 0.018518518518518517 0.0126953125
33 0.2564102564102564 0.7451171875 0.18376068376068377 0.0087890625
19 0.21937321937321938 0.71875 0.10968660968660969 0.0107421875
20 0.2207977207977208 0.7041015625 0.11253561253561253 0.0087890625
23 0.21794871794871795 0.6181640625 0.10541310541310542 0.009765625
21 0.1908831908831909 0.5341796875 0.05413105413105413 0.009765625
30 0.2150997150997151 0.978515625 0.11823361823361823 0.0166015625