25 0.12393162393162394 0.978515625 0.02849002849002849 0.0224609375
22 0.49715099715099714 0.7060546875 0.7991452991452992 0.48046875
31 0.5042735042735043 0.90625 0.07834757834757834 0.0126953125
26 0.1737891737891738 0.873046875 0.019943019943019943 0.013671875
27 0.2692307692307692 0.873046875 0.017094017094017096 0.013671875
19 0.21794871794871795 0.7177734375 0.10968660968660969 0.009765625
20 0.21937321937321938 0.703125 0.11538461538461539 0.0087890625
0 0.49572649572649574 0.41796875 0.7150997150997151 0.0517578125
33 0.2564102564102564 0.744140625 0.18376068376068377 0.0107421875
23 0.21794871794871795 0.6171875 0.10826210826210826 0.0107421875
21 0.19230769230769232 0.5341796875 0.05555555555555555 0.0087890625
30 0.2150997150997151 0.978515625 0.12108262108262108 0.021484375
10 0.2948717948717949 0.2255859375 0.0754985754985755 0.0107421875