5 0.27492877492877493 0.9384765625 0.2606837606837607 0.0234375
14 0.1737891737891738 0.95703125 0.05270655270655271 0.009765625
32 0.50997150997151 0.9013671875 0.6538461538461539 0.02734375
1 0.5 0.7890625 1 0.189453125
13 0.3504273504273504 0.900390625 0.09686609686609686 0.009765625
12 0.4586894586894587 0.9013671875 0.0584045584045584 0.009765625
4 0.5754985754985755 0.8974609375 0.11538461538461539 0.017578125
17 0.7207977207977208 0.8974609375 0.11823361823361823 0.017578125
8 0.8233618233618234 0.900390625 0.024216524216524215 0.0078125
9 0.23504273504273504 0.95703125 0.05982905982905983 0.0087890625
3 0.5085470085470085 0.98828125 0.7321937321937322 0.0224609375
30 0.8276353276353277 0.98828125 0.09259259259259259 0.015625
7 0.15384615384615385 0.9892578125 0.017094017094017096 0.0126953125
11 0.25213675213675213 0.900390625 0.04131054131054131 0.0087890625
16 0.5056980056980057 0.65625 0.3803418803418803 0.021484375
11 0.5056980056980057 0.4228515625 0.11538461538461539 0.021484375