32 0.4886039886039886 0.09765625 0.6581196581196581 0.0263671875
1 0.4985754985754986 0.2109375 0.9971509971509972 0.1904296875
8 0.17663817663817663 0.0986328125 0.02564102564102564 0.0078125
17 0.2777777777777778 0.1025390625 0.11538461538461539 0.017578125
4 0.42450142450142453 0.1015625 0.11538461538461539 0.015625
12 0.5441595441595442 0.0986328125 0.05555555555555555 0.0087890625
13 0.6495726495726496 0.0986328125 0.09259259259259259 0.009765625
11 0.7492877492877493 0.0986328125 0.039886039886039885 0.0068359375
5 0.7250712250712251 0.0625 0.2606837606837607 0.0224609375
14 0.8262108262108262 0.04296875 0.05270655270655271 0.0068359375
9 0.7635327635327636 0.0419921875 0.05982905982905983 0.0068359375
3 0.49145299145299143 0.01171875 0.7350427350427351 0.0224609375
7 0.8461538461538461 0.009765625 0.017094017094017096 0.01171875
16 0.4943019943019943 0.3427734375 0.37749287749287747 0.021484375
11 0.49572649572649574 0.5771484375 0.11253561253561253 0.01953125
30 0.17236467236467237 0.0107421875 0.08974358974358974 0.013671875
5 0.8404558404558404 0.0615234375 0.024216524216524215 0.017578125