22 0.664390756302521 0.4993556701030928 0.3445378151260504 0.7957474226804123
31 0.7759978991596639 0.6507731958762887 0.011029411764705883 0.07538659793814433
34 0.7883403361344538 0.43621134020618557 0.011554621848739496 0.23518041237113402
26 0.7376575630252101 0.1791237113402062 0.014180672268907563 0.01804123711340206
28 0.7379201680672269 0.27448453608247425 0.014180672268907563 0.01804123711340206
29 0.7376575630252101 0.3279639175257732 0.014705882352941176 0.01675257731958763
27 0.7376575630252101 0.41591494845360827 0.01365546218487395 0.015463917525773196
33 0.6738445378151261 0.2509664948453608 0.007352941176470588 0.15914948453608246
19 0.6612394957983193 0.22132731958762886 0.008403361344537815 0.10051546391752578
23 0.5974264705882353 0.22293814432989692 0.008403361344537815 0.10373711340206186
21 0.5724789915966386 0.19619845360824742 0.007352941176470588 0.05025773195876289
20 0.6478466386554622 0.22519329896907217 0.011029411764705883 0.11146907216494846