3 0.015756302521008403 0.4963041182682154 0.025210084033613446 0.5982048574445618
30 0.015756302521008403 0.23521647307286167 0.018907563025210083 0.07497360084477296
7 0.014705882352941176 0.7864308342133052 0.015756302521008403 0.014783526927138331
5 0.08324579831932773 0.6871700105596621 0.025735294117647058 0.2133051742344245
9 0.06092436974789916 0.7191129883843717 0.009978991596638655 0.050686378035902854
14 0.06066176470588235 0.7708553326293559 0.011029411764705883 0.042238648363252376
32 0.13550420168067226 0.4931362196409715 0.030987394957983194 0.5554382259767687
8 0.13550420168067226 0.22993664202745512 0.009978991596638655 0.023231256599788808
17 0.1402310924369748 0.3051742344244984 0.01995798319327731 0.09609292502639916
4 0.13576680672268907 0.441921858500528 0.012605042016806723 0.14413938753959873
12 0.13471638655462184 0.5538542766631468 0.011029411764705883 0.0454065469904963
13 0.13602941176470587 0.630675818373812 0.011554621848739496 0.073389651531151
15 0.13576680672268907 0.7098732840549102 0.012605042016806723 0.05807814149947202
31 0.17436974789915966 0.27270327349524814 0.009453781512605041 0.05385427666314678
2 0.6559873949579832 0.9878563885955649 0.11554621848739496 0.024287222808870117
31 0.20378151260504201 0.26478352692713836 0.017857142857142856 0.11721224920802534
8 0.3277310924369748 0.23416050686378037 0.011029411764705883 0.028511087645195353
17 0.3542542016806723 0.33157338965153116 0.011554621848739496 0.22228088701161564
4 0.38103991596638653 0.3117740232312566 0.01050420168067227 0.1631467793030623
4 0.40309873949579833 0.33738120380147835 0.011554621848739496 0.10295670538542767
16 0.4254201680672269 0.2843189017951426 0.011554621848739496 0.08711721224920803
12 0.7408088235294118 0.251583949313622 0.011554621848739496 0.042238648363252376
12 0.7633928571428571 0.3059662090813094 0.01050420168067227 0.03907074973600845
13 0.9183298319327731 0.2666314677930306 0.01207983193277311 0.07180570221752904
13 0.9406512605042017 0.3194297782470961 0.011029411764705883 0.06705385427666315