22 0.500063025210084 0.7558922914466736 0.6489390756302521 0.3490126715945088
26 0.2382983193277311 0.8299472016895459 0.013728991596638648 0.013558606124604166
28 0.31602415966386554 0.829857444561774 0.014028361344537834 0.013384371700105788
29 0.3596743697478992 0.8300369588173179 0.014201680672268888 0.013738120380148065
27 0.43099789915966386 0.8298996832101372 0.014149159663865575 0.014366420274551234
34 0.44775735294117647 0.8811985216473072 0.1923056722689076 0.011288278775079255
33 0.2981197478991597 0.7657919746568109 0.1326995798319328 0.010564941921858615
19 0.27390231092436973 0.7524973600844773 0.08483193277310923 0.00794614572333695
21 0.2528098739495798 0.6641552270327349 0.04206932773109239 0.008822597676874358
23 0.274359243697479 0.689181626187962 0.0857405462184874 0.008062302006336028
31 0.6246743697478992 0.8684477296726506 0.06332983193277307 0.010438225976768974
18 0.9833928571428572 0.9779672650475185 0.02799369747899169 0.028331573389651456
26 0.9892594537815126 0.6012882787750793 0.011943277310924255 0.013532206969377037
28 0.9874527310924369 0.6279250263991553 0.009789915966386488 0.011694825765575309
29 0.9889968487394958 0.6553167898627245 0.009894957983193354 0.01187961985216473
27 0.9890966386554622 0.6824128827877507 0.009133403361344472 0.009440337909186964
15 0.2569852941176471 0.3615575501583949 0.0697794117647059 0.012687434002111798
20 0.27493697478991597 0.7399788806758184 0.09108193277310928 0.010781414994720207