5 0.27485380116959063 0.06640625 0.260233918128655 0.01953125
9 0.31871345029239767 0.0478515625 0.09064327485380116 0.0078125
9 0.23684210526315788 0.048828125 0.059941520467836254 0.0068359375
14 0.17251461988304093 0.0478515625 0.05116959064327485 0.0087890625
32 0.5102339181286549 0.1103515625 0.6769005847953217 0.02734375
1 0.5073099415204678 0.2265625 0.9780701754385965 0.2021484375
15 0.24707602339181287 0.1083984375 0.07017543859649122 0.0068359375
13 0.34649122807017546 0.1083984375 0.0847953216374269 0.009765625
5 0.15935672514619884 0.06640625 0.024853801169590642 0.017578125
3 0.5102339181286549 0.0107421875 0.7339181286549707 0.021484375
7 0.15350877192982457 0.009765625 0.01608187134502924 0.01171875
12 0.43859649122807015 0.1083984375 0.05555555555555555 0.0078125
8 0.8333333333333334 0.1083984375 0.027777777777777776 0.0068359375
17 0.7412280701754386 0.1123046875 0.11257309941520467 0.0166015625
4 0.5760233918128655 0.109375 0.17543859649122806 0.0087890625
16 0.8026315789473685 0.462890625 0.10964912280701754 0.0087890625
12 0.6593567251461988 0.4619140625 0.05263157894736842 0.009765625
16 0.5043859649122807 0.662109375 0.27046783625730997 0.0205078125
30 0.827485380116959 0.0107421875 0.0891812865497076 0.0126953125