22 0.7544642857142857 0.5 0.3471638655462185 0.6525871172122492
26 0.8282563025210085 0.23680042238648363 0.01365546218487395 0.013727560718057022
28 0.8282563025210085 0.3149419218585005 0.013130252100840336 0.014255543822597676
29 0.8282563025210085 0.3590285110876452 0.01365546218487395 0.014255543822597676
27 0.8282563025210085 0.4305702217529039 0.014180672268907563 0.014255543822597676
34 0.8792016806722689 0.44746568109820484 0.011029411764705883 0.1932418162618796
33 0.7644432773109243 0.2969904963041183 0.01050420168067227 0.13357972544878563
19 0.7510504201680672 0.27270327349524814 0.007878151260504201 0.08553326293558607
21 0.6633403361344538 0.251583949313622 0.008928571428571428 0.042238648363252376
23 0.6882878151260504 0.2732312565997888 0.007878151260504201 0.08606124604012672
31 0.8665966386554622 0.6253959873284055 0.01050420168067227 0.06388595564941922
18 0.975577731092437 0.9860084477296727 0.028361344537815126 0.0279831045406547
26 0.6008403361344538 0.9918162618796198 0.01365546218487395 0.012143611404435059
28 0.6273634453781513 0.9899683210137276 0.011554621848739496 0.01003167898627244
29 0.6544117647058824 0.9915522703273495 0.01207983193277311 0.01003167898627244
27 0.6814600840336135 0.9915522703273495 0.009453781512605041 0.00897571277719113
15 0.36239495798319327 0.2558078141499472 0.012605042016806723 0.07022175290390707
20 0.7387079831932774 0.27375923970432947 0.01050420168067227 0.09134107708553327