0 0.5043859649122807 0.6181640625 0.7192982456140351 0.0498046875
22 0.5029239766081871 0.806640625 0.7982456140350878 0.283203125
25 0.8757309941520468 0.9794921875 0.029239766081871343 0.01953125
26 0.8260233918128655 0.8662109375 0.019005847953216373 0.0146484375
28 0.7309941520467836 0.8662109375 0.017543859649122806 0.0126953125
29 0.6769005847953217 0.8662109375 0.017543859649122806 0.0146484375
27 0.5891812865497076 0.8662109375 0.017543859649122806 0.0126953125
31 0.35233918128654973 0.8974609375 0.07894736842105263 0.0107421875
34 0.5687134502923976 0.908203125 0.23830409356725146 0.009765625
33 0.7529239766081871 0.8134765625 0.16666666666666666 0.0078125
19 0.7821637426900585 0.802734375 0.10818713450292397 0.0087890625
20 0.7807017543859649 0.79296875 0.11257309941520467 0.0087890625
23 0.7821637426900585 0.7509765625 0.10526315789473684 0.009765625
21 0.8084795321637427 0.7314453125 0.05116959064327485 0.0087890625
11 0.4473684210526316 0.009765625 0.1154970760233918 0.017578125
30 0.7850877192982456 0.9794921875 0.1154970760233918 0.0166015625