3 0.4962394957983194 0.013083421330517424 0.5948424369747899 0.025454065469904967
30 0.2364810924369748 0.013083421330517424 0.07438550420168073 0.018880675818373806
7 0.7848844537815126 0.01220168954593453 0.014742647058823615 0.015950369588173183
5 0.6861186974789916 0.08099260823653644 0.2122741596638656 0.025765575501583954
9 0.7180147058823529 0.05869060190073917 0.05037815126050424 0.010285110876451948
14 0.7693487394957983 0.05839493136219641 0.04207457983193284 0.010871172122492083
32 0.49314600840336137 0.13361668426610349 0.5524422268907563 0.031388595564941946
8 0.231281512605042 0.13360612460401267 0.023109243697478993 0.009804646251319984
17 0.30615546218487394 0.13824181626187962 0.09575630252100838 0.02024815205913412
4 0.44211659663865543 0.1339598732840549 0.14339285714285713 0.012856388595564953
12 0.5534926470588235 0.1328405491024287 0.0449107142857144 0.011330517423442439
13 0.6300577731092437 0.13401795142555437 0.07304621848739493 0.011800422386483645
15 0.7087867647058823 0.1339598732840549 0.05762079831932775 0.012856388595564953
31 0.2739758403361344 0.1727560718057022 0.053592436974789895 0.0094297782470961
2 0.98671743697479 0.6568743400211192 0.02656512605042013 0.11626715945089759
31 0.2661186974789916 0.20232312565997887 0.11682773109243694 0.017697993664202737
8 0.23546743697478992 0.32687961985216474 0.028282563025210095 0.010955649419218585
17 0.33236344537815127 0.353532206969377 0.2213025210084033 0.01172650475184796
4 0.3128098739495799 0.38030095036958816 0.16221113445378157 0.010406546990496323
4 0.33834558823529415 0.40247624076029564 0.10260504201680679 0.01148363252375924
16 0.2853361344537815 0.42505279831045406 0.08651260504201683 0.011821541710665311
12 0.25282563025210086 0.7420960929250264 0.042242647058823565 0.011562829989440386
12 0.30694327731092436 0.7648468848996831 0.03903361344537812 0.01069693769799378
13 0.26774684873949584 0.9205227032734953 0.07131827731092436 0.012217529039070682
13 0.3204149159663866 0.9430570221752904 0.06674369747899156 0.010923970432946175