3 0.1055672268907563 0.4958118556701031 0.026260504201680673 0.7300257731958762
30 0.10504201680672269 0.17686855670103094 0.019432773109243698 0.09085051546391752
7 0.10477941176470588 0.8498711340206185 0.014705882352941176 0.01804123711340206
5 0.17253151260504201 0.7280927835051546 0.02468487394957983 0.25902061855670105
9 0.15126050420168066 0.7683634020618557 0.01050420168067227 0.061855670103092786
14 0.15178571428571427 0.8298969072164949 0.009453781512605041 0.05154639175257732
9 0.15152310924369747 0.6852448453608248 0.011029411764705883 0.09149484536082474
16 0.2549894957983193 0.18395618556701032 0.016281512605042018 0.09342783505154639
4 0.2266281512605042 0.27222938144329895 0.01050420168067227 0.16623711340206185
5 0.3713235294117647 0.22487113402061856 0.023109243697478993 0.15850515463917525
5 0.3700105042016807 0.2918814432989691 0.016281512605042018 0.020618556701030927