3 0.5087719298245614 0.01171875 0.7309941520467836 0.0224609375
30 0.827485380116959 0.0107421875 0.0891812865497076 0.013671875
7 0.15350877192982457 0.009765625 0.017543859649122806 0.0126953125
5 0.27485380116959063 0.06640625 0.26169590643274854 0.021484375
9 0.23684210526315788 0.0478515625 0.05847953216374269 0.0078125
9 0.31871345029239767 0.0478515625 0.09210526315789473 0.0078125
14 0.1739766081871345 0.0478515625 0.05116959064327485 0.009765625
32 0.5087719298245614 0.1083984375 0.6783625730994152 0.0263671875
1 0.5073099415204678 0.2265625 0.9809941520467836 0.2041015625
8 0.8333333333333334 0.1083984375 0.02631578947368421 0.0087890625
17 0.7412280701754386 0.1123046875 0.11695906432748537 0.0166015625
4 0.5745614035087719 0.109375 0.1783625730994152 0.009765625
12 0.4371345029239766 0.109375 0.05847953216374269 0.0087890625
13 0.34649122807017546 0.1083984375 0.08771929824561403 0.0087890625
15 0.24707602339181287 0.109375 0.07017543859649122 0.0087890625
16 0.5043859649122807 0.662109375 0.27046783625730997 0.0224609375
16 0.7997076023391813 0.462890625 0.10964912280701754 0.01171875
12 0.6622807017543859 0.462890625 0.05116959064327485 0.01171875