0 0.5043859649122807 0.6181640625 0.7149122807017544 0.046875
25 0.8757309941520468 0.9794921875 0.029239766081871343 0.01953125
22 0.5043859649122807 0.8056640625 0.7953216374269005 0.2822265625
19 0.7821637426900585 0.8037109375 0.10526315789473684 0.0078125
20 0.7792397660818714 0.79296875 0.11257309941520467 0.0078125
34 0.5687134502923976 0.908203125 0.23830409356725146 0.0078125
31 0.35233918128654973 0.8974609375 0.07602339181286549 0.0087890625
26 0.8260233918128655 0.8662109375 0.019005847953216373 0.01171875
28 0.7309941520467836 0.8662109375 0.017543859649122806 0.013671875
29 0.6769005847953217 0.8662109375 0.017543859649122806 0.0126953125
27 0.5891812865497076 0.8662109375 0.019005847953216373 0.01171875
33 0.7514619883040936 0.814453125 0.16666666666666666 0.0078125
23 0.7821637426900585 0.751953125 0.10526315789473684 0.0087890625
21 0.8084795321637427 0.7314453125 0.05116959064327485 0.0078125
11 0.44883040935672514 0.009765625 0.10818713450292397 0.017578125
30 0.7850877192982456 0.9794921875 0.11842105263157894 0.0185546875