3 0.49665441176470587 0.01610180412371134 0.595110294117647 0.03220360824742268
30 0.2365703781512605 0.015431701030927834 0.07384453781512607 0.02415592783505155
7 0.7851838235294117 0.015096649484536082 0.014768907563025152 0.018118556701030932
5 0.6859086134453781 0.09830541237113402 0.2111344537815126 0.03019974226804124
9 0.7187289915966387 0.07213917525773196 0.050320378151260475 0.01275128865979381
14 0.7687762605042017 0.07280927835051547 0.04211659663865549 0.011404639175257724
2 0.9863445378151261 0.6684922680412371 0.0273109243697479 0.1411082474226804
9 0.6510556722689075 0.07242912371134021 0.07471638655462172 0.013530927835051547
16 0.24228466386554623 0.19942010309278352 0.07597163865546218 0.02006443298969071
4 0.31442226890756303 0.1647036082474227 0.13537289915966386 0.013105670103092803
5 0.2757090336134454 0.34201675257731956 0.12896533613445377 0.02822164948453605
5 0.33041491596638656 0.34063144329896905 0.017016806722689123 0.020283505154639187