22 0.49939075630252094 0.7017461340206186 0.6487132352941177 0.4227512886597936
31 0.6230094537815126 0.8386340206185566 0.0612605042016806 0.013421391752577273
34 0.44797268907563026 0.8537306701030927 0.19144432773109255 0.014091494845360755
26 0.23844537815126052 0.7915335051546392 0.014894957983193284 0.01755798969072165
28 0.31612920168067227 0.7918878865979383 0.014894957983193225 0.01755798969072165
29 0.35964285714285715 0.791713917525773 0.013723739495798377 0.017912371134020735
27 0.4313392857142857 0.791713917525773 0.012851890756302536 0.01648195876288655
33 0.29700105042016806 0.7132474226804124 0.12966386554621853 0.009317010309278374
19 0.2729096638655462 0.697667525773196 0.0820640756302521 0.010393041237113472
23 0.27422268907563024 0.6193814432989692 0.08469012605042017 0.010032216494845174
21 0.2524632352941176 0.588930412371134 0.04117647058823528 0.009317010309278374
18 0.9840493697478992 0.9716623711340207 0.024894957983193324 0.03054123711340183
20 0.2759873949579832 0.6813337628865979 0.09076680672268904 0.013634020618556607
26 0.9889863445378151 0.5783569587628867 0.009070378151260494 0.014349226804123993
28 0.9873004201680672 0.6117268041237114 0.009847689075630252 0.013530927835051547
29 0.9889863445378151 0.6439368556701031 0.008702731092437061 0.012113402061855787
27 0.9889653361344538 0.6770231958762886 0.008739495798319261 0.0099226804123709