3 0.4963235294117647 0.013199577613516367 0.595063025210084 0.025343189017951427
30 0.23660714285714285 0.013199577613516367 0.07457983193277311 0.01900739176346357
7 0.7849264705882353 0.012143611404435059 0.014705882352941176 0.01583949313621964
5 0.686186974789916 0.0810454065469905 0.21218487394957983 0.02587117212249208
9 0.7179621848739496 0.05860612460401267 0.05042016806722689 0.01003167898627244
14 0.7694327731092437 0.058342133051742344 0.04201680672268908 0.011087645195353749
32 0.49317226890756305 0.13357972544878563 0.5525210084033614 0.031151003167898626
8 0.23135504201680673 0.13357972544878563 0.023109243697478993 0.01003167898627244
17 0.30619747899159666 0.13833157338965152 0.09558823529411764 0.02006335797254488
4 0.4422268907563025 0.13384371700105596 0.14338235294117646 0.012671594508975714
12 0.5535714285714286 0.13278775079197466 0.045168067226890755 0.011087645195353749
13 0.6299894957983193 0.1341077085533263 0.07300420168067227 0.011615628299894404
15 0.7087710084033614 0.13384371700105596 0.05777310924369748 0.012671594508975714
31 0.27389705882352944 0.1726504751847941 0.05357142857142857 0.009503695881731784
2 0.9866071428571429 0.6568109820485745 0.026785714285714284 0.11615628299894404
31 0.2660189075630252 0.20221752903907075 0.11659663865546219 0.01795142555438226
8 0.23555672268907563 0.32682154171066524 0.028361344537815126 0.011087645195353749
17 0.3324579831932773 0.35348468848996834 0.22111344537815125 0.011615628299894404
4 0.3127626050420168 0.38041182682154173 0.16228991596638656 0.010559662090813094
4 0.3382352941176471 0.4025871172122492 0.10241596638655462 0.011615628299894404
16 0.2854516806722689 0.42502639915522705 0.08665966386554622 0.011615628299894404
12 0.25288865546218486 0.7420802534318902 0.04201680672268908 0.011615628299894404
12 0.3069852941176471 0.7647835269271384 0.038865546218487396 0.010559662090813094
13 0.26785714285714285 0.9205385427666315 0.07142857142857142 0.012143611404435059
13 0.32037815126050423 0.9429778247096093 0.0667016806722689 0.011087645195353749