5 0.7251461988304093 0.06640625 0.260233918128655 0.01953125
9 0.6812865497076024 0.0478515625 0.09064327485380116 0.0078125
9 0.7631578947368421 0.048828125 0.059941520467836254 0.0068359375
14 0.827485380116959 0.0478515625 0.05116959064327485 0.0087890625
32 0.489766081871345 0.1103515625 0.6769005847953217 0.02734375
1 0.4926900584795322 0.2265625 0.9780701754385965 0.2021484375
15 0.7529239766081871 0.1083984375 0.07017543859649122 0.0068359375
13 0.6535087719298246 0.1083984375 0.0847953216374269 0.009765625
5 0.8406432748538012 0.06640625 0.024853801169590642 0.017578125
3 0.489766081871345 0.0107421875 0.7339181286549707 0.021484375
7 0.8464912280701754 0.009765625 0.01608187134502924 0.01171875
12 0.5614035087719298 0.1083984375 0.05555555555555555 0.0078125
8 0.16666666666666666 0.1083984375 0.027777777777777776 0.0068359375
17 0.25877192982456143 0.1123046875 0.11257309941520467 0.0166015625
4 0.4239766081871345 0.109375 0.17543859649122806 0.0087890625
16 0.19736842105263158 0.462890625 0.10964912280701754 0.0087890625
12 0.3406432748538012 0.4619140625 0.05263157894736842 0.009765625
16 0.4956140350877193 0.662109375 0.27046783625730997 0.0205078125
30 0.17251461988304093 0.0107421875 0.0891812865497076 0.0126953125