22 0.5 0.7558078141499472 0.6491596638655462 0.3489968321013728
26 0.23818277310924368 0.8299894403379092 0.01365546218487395 0.013727560718057022
28 0.3159138655462185 0.8299894403379092 0.014180672268907563 0.013199577613516367
29 0.3597689075630252 0.8299894403379092 0.014180672268907563 0.013727560718057022
27 0.43093487394957986 0.8299894403379092 0.014180672268907563 0.014255543822597676
34 0.4477415966386555 0.8812038014783526 0.19222689075630253 0.011087645195353749
33 0.2980567226890756 0.7658394931362197 0.1328781512605042 0.010559662090813094
19 0.27389705882352944 0.752375923970433 0.08508403361344538 0.00791974656810982
21 0.25288865546218486 0.6642027455121436 0.04201680672268908 0.00897571277719113
23 0.27442226890756305 0.6892819429778247 0.08560924369747899 0.00791974656810982
31 0.6247373949579832 0.8685322069693769 0.06355042016806722 0.010559662090813094
18 0.9834558823529411 0.9780887011615629 0.027836134453781514 0.028511087645195353
26 0.989233193277311 0.6013727560718057 0.01207983193277311 0.013727560718057022
28 0.9873949579831933 0.6280359028511088 0.009978991596638655 0.011615628299894404
29 0.9889705882352942 0.6552270327349525 0.009978991596638655 0.011615628299894404
27 0.9889705882352942 0.6824181626187962 0.008928571428571428 0.009503695881731784
15 0.25709033613445376 0.3616684266103485 0.06985294117647059 0.012671594508975714
20 0.27494747899159666 0.7399683210137276 0.09086134453781512 0.010559662090813094