3 0.49423076923076925 0.0068359375 0.7307692307692307 0.0126953125
28 0.47307692307692306 0.0224609375 0.009615384615384616 0.0048828125
27 0.4519230769230769 0.0224609375 0.009615384615384616 0.005859375
29 0.4115384615384615 0.0224609375 0.009615384615384616 0.005859375
23 0.7884615384615384 0.0224609375 0.08269230769230769 0.0048828125
5 0.2692307692307692 0.0234375 0.013461538461538462 0.0068359375
32 0.4807692307692308 0.1083984375 0.775 0.0234375
8 0.8403846153846154 0.1064453125 0.03076923076923077 0.005859375
15 0.6076923076923076 0.1064453125 0.04038461538461539 0.005859375
17 0.49230769230769234 0.111328125 0.1346153846153846 0.0126953125
4 0.3423076923076923 0.111328125 0.11153846153846154 0.013671875
12 0.23461538461538461 0.1064453125 0.051923076923076926 0.005859375
1 0.4980769230769231 0.2177734375 0.9884615384615385 0.181640625
16 0.40384615384615385 0.3330078125 0.10384615384615385 0.0166015625
11 0.5 0.5146484375 0.1 0.013671875
28 0.3326923076923077 0.9521484375 0.026923076923076925 0.013671875
16 0.7884615384615384 0.966796875 0.09615384615384616 0.0107421875
30 0.8115384615384615 0.0068359375 0.09615384615384616 0.0107421875
2 0.9826923076923076 0.0419921875 0.03461538461538462 0.017578125