28 0.6539050535987749 0.9140625 0.03522205206738132 0.0234375
26 0.6937212863705973 0.9140625 0.03522205206738132 0.0224609375
28 0.6768759571209801 0.85546875 0.030627871362940276 0.017578125
0 0.5084226646248086 0.5986328125 0.664624808575804 0.029296875
22 0.5007656967840735 0.1484375 0.7473200612557427 0.1513671875
25 0.06738131699846861 0.01953125 0.03215926493108729 0.0205078125
28 0.20673813169984687 0.0791015625 0.009188361408882083 0.005859375
27 0.2986217457886677 0.0791015625 0.009188361408882083 0.0068359375
26 0.39509954058192953 0.0791015625 0.009188361408882083 0.0068359375
33 0.2771822358346095 0.1103515625 0.16079632465543645 0.0078125
19 0.2450229709035222 0.119140625 0.09494640122511486 0.0078125
20 0.24655436447166923 0.1279296875 0.09800918836140889 0.0068359375
23 0.2450229709035222 0.162109375 0.09494640122511486 0.005859375
21 0.222052067381317 0.1796875 0.04747320061255743 0.0068359375
29 0.16845329249617153 0.9130859375 0.033690658499234305 0.0224609375
29 0.3767228177641654 0.8125 0.042879019908116385 0.01953125
29 0.1990811638591118 0.6953125 0.0444104134762634 0.01953125
29 0.43644716692189894 0.6953125 0.0444104134762634 0.01953125
29 0.3169984686064318 0.6953125 0.042879019908116385 0.01953125
29 0.555895865237366 0.6953125 0.042879019908116385 0.0205078125
30 0.1439509954058193 0.0185546875 0.0781010719754977 0.0126953125