3 0.5057692307692307 0.0068359375 0.7307692307692307 0.0126953125
28 0.5269230769230769 0.0224609375 0.009615384615384616 0.0048828125
27 0.5480769230769231 0.0224609375 0.009615384615384616 0.005859375
29 0.5884615384615385 0.0224609375 0.009615384615384616 0.005859375
23 0.21153846153846154 0.0224609375 0.08269230769230769 0.0048828125
5 0.7307692307692307 0.0234375 0.013461538461538462 0.0068359375
32 0.5192307692307693 0.1083984375 0.775 0.0234375
8 0.1596153846153846 0.1064453125 0.03076923076923077 0.005859375
15 0.3923076923076923 0.1064453125 0.04038461538461539 0.005859375
17 0.5076923076923077 0.111328125 0.1346153846153846 0.0126953125
4 0.6576923076923077 0.111328125 0.11153846153846154 0.013671875
12 0.7653846153846153 0.1064453125 0.051923076923076926 0.005859375
1 0.5019230769230769 0.2177734375 0.9884615384615385 0.181640625
16 0.5961538461538461 0.3330078125 0.10384615384615385 0.0166015625
11 0.5 0.5146484375 0.1 0.013671875
28 0.6673076923076923 0.9521484375 0.026923076923076925 0.013671875
16 0.21153846153846154 0.966796875 0.09615384615384616 0.0107421875
30 0.18846153846153846 0.0068359375 0.09615384615384616 0.0107421875
2 0.01730769230769231 0.0419921875 0.03461538461538462 0.017578125