28 0.6539050535987749 0.0859375 0.033690658499234305 0.0244140625
29 0.1669218989280245 0.0869140625 0.036753445635528334 0.0234375
26 0.6937212863705973 0.0859375 0.03522205206738132 0.0224609375
28 0.6768759571209801 0.14453125 0.02909647779479326 0.0185546875
0 0.5053598774885145 0.40234375 0.6738131699846861 0.02734375
22 0.5007656967840735 0.8515625 0.7473200612557427 0.1533203125
25 0.06738131699846861 0.98046875 0.030627871362940276 0.0205078125
28 0.20520673813169985 0.9208984375 0.007656967840735069 0.005859375
27 0.2986217457886677 0.9208984375 0.007656967840735069 0.005859375
26 0.39509954058192953 0.9208984375 0.009188361408882083 0.0068359375
33 0.2771822358346095 0.8896484375 0.16079632465543645 0.0068359375
19 0.2450229709035222 0.880859375 0.09494640122511486 0.005859375
20 0.24655436447166923 0.8720703125 0.0995405819295559 0.005859375
23 0.2450229709035222 0.837890625 0.09341500765696784 0.0068359375
21 0.222052067381317 0.8203125 0.04900459418070444 0.0068359375
29 0.3767228177641654 0.1875 0.042879019908116385 0.01953125
29 0.31852986217457885 0.3037109375 0.0444104134762634 0.0205078125
30 0.1439509954058193 0.9814453125 0.07963246554364471 0.0126953125