0 0.4980769230769231 0.8056640625 0.7153846153846154 0.021484375
22 0.5 0.892578125 0.7365384615384616 0.123046875
26 0.19230769230769232 0.9609375 0.009615384615384616 0.005859375
28 0.16923076923076924 0.9609375 0.009615384615384616 0.0048828125
29 0.14423076923076922 0.9609375 0.011538461538461539 0.00390625
19 0.43653846153846154 0.8994140625 0.07307692307692308 0.0048828125
33 0.4269230769230769 0.8818359375 0.09423076923076923 0.0048828125
20 0.6211538461538462 0.9111328125 0.07692307692307693 0.0048828125
23 0.25961538461538464 0.859375 0.09038461538461538 0.0087890625
25 0.8326923076923077 0.9853515625 0.04038461538461539 0.0205078125
30 0.7 0.9853515625 0.11730769230769231 0.013671875