5 0.7473200612557427 0.0517578125 0.22970903522205208 0.021484375
3 0.4686064318529862 0.0107421875 0.8346094946401225 0.0205078125
32 0.4992343032159265 0.111328125 0.7059724349157733 0.0302734375
8 0.17917304747320062 0.107421875 0.033690658499234305 0.0087890625
17 0.2771822358346095 0.111328125 0.11638591117917305 0.0185546875
4 0.40735068912710565 0.1103515625 0.09800918836140889 0.015625
12 0.5114854517611026 0.107421875 0.05819295558958652 0.01171875
1 0.5007656967840735 0.2236328125 0.7197549770290965 0.1796875
11 0.4869831546707504 0.66796875 0.10107197549770292 0.0146484375
6 0.7166921898928025 0.1083984375 0.08728943338437979 0.01171875
2 0.9816232771822359 0.0537109375 0.021439509954058193 0.0146484375
30 0.0888208269525268 0.009765625 0.07503828483920368 0.01171875