3 0.4686064318529862 0.0107421875 0.8376722817764165 0.01953125
5 0.7473200612557427 0.0517578125 0.22970903522205208 0.0185546875
32 0.5099540581929556 0.1103515625 0.6891271056661562 0.025390625
8 0.1807044410413476 0.107421875 0.026033690658499236 0.0068359375
17 0.2771822358346095 0.1123046875 0.10719754977029096 0.017578125
4 0.40888208269525267 0.1123046875 0.09188361408882083 0.015625
12 0.5130168453292496 0.107421875 0.05359877488514548 0.0068359375
1 0.5007656967840735 0.2236328125 0.7212863705972435 0.1806640625
16 0.21286370597243492 0.404296875 0.07197549770290965 0.017578125
11 0.4885145482388974 0.66796875 0.10413476263399694 0.0146484375
30 0.0903522205206738 0.009765625 0.0781010719754977 0.0126953125
5 0.8468606431852986 0.0517578125 0.021439509954058193 0.0146484375