3 0.5 0.0078125 0.5836236933797909 0.013671875
30 0.23867595818815332 0.0068359375 0.05749128919860627 0.0078125
7 0.7822299651567944 0.0068359375 0.013937282229965157 0.0078125
5 0.686411149825784 0.03125 0.21254355400696864 0.01171875
9 0.7682926829268293 0.0224609375 0.04355400696864112 0.0048828125
32 0.5 0.056640625 0.5435540069686411 0.01953125
8 0.23867595818815332 0.0595703125 0.020905923344947737 0.0048828125
17 0.3153310104529617 0.0595703125 0.08710801393728224 0.0107421875
4 0.43031358885017423 0.05859375 0.09581881533101046 0.005859375
12 0.519163763066202 0.0595703125 0.033101045296167246 0.0048828125
13 0.5905923344947736 0.0595703125 0.0627177700348432 0.0068359375
16 0.6881533101045296 0.0595703125 0.07665505226480836 0.0068359375
2 0.9860627177700348 0.62109375 0.02613240418118467 0.0439453125
4 0.28397212543554007 0.0849609375 0.09407665505226481 0.0048828125
5 0.7560975609756098 0.119140625 0.008710801393728223 0.005859375
33 0.519163763066202 0.1845703125 0.09233449477351917 0.0107421875
19 0.41114982578397213 0.16796875 0.06620209059233449 0.005859375
19 0.2857142857142857 0.2587890625 0.06620209059233449 0.005859375
19 0.47909407665505227 0.2626953125 0.04355400696864112 0.009765625