7 0.5 0.0068359375 0.08539944903581267 0.0107421875
2 0.02203856749311295 0.0078125 0.01652892561983471 0.01171875
32 0.45041322314049587 0.03515625 0.6749311294765841 0.0224609375
5 0.02066115702479339 0.0361328125 0.01928374655647383 0.0146484375
26 0.22176308539944903 0.0078125 0.011019283746556474 0.0078125
28 0.20523415977961432 0.0078125 0.011019283746556474 0.0068359375
29 0.1887052341597796 0.0078125 0.011019283746556474 0.0068359375
27 0.17355371900826447 0.0078125 0.009641873278236915 0.0078125
30 0.1349862258953168 0.005859375 0.05096418732782369 0.0078125
17 0.15426997245179064 0.0361328125 0.06887052341597796 0.0087890625
10 0.2396694214876033 0.0361328125 0.07851239669421488 0.0078125
12 0.3209366391184573 0.0361328125 0.05509641873278237 0.0078125
4 0.4228650137741047 0.0361328125 0.12258953168044077 0.0087890625
8 0.7603305785123967 0.0361328125 0.03856749311294766 0.009765625
1 0.5 0.1796875 0.9889807162534435 0.2431640625
16 0.9573002754820936 0.0048828125 0.07988980716253444 0.0087890625
15 0.8636363636363636 0.005859375 0.028925619834710745 0.0087890625