32 0.5523415977961432 0.0361328125 0.6735537190082644 0.0224609375
5 0.977961432506887 0.0361328125 0.024793388429752067 0.015625
8 0.23829201101928374 0.0361328125 0.03581267217630854 0.0107421875
4 0.5785123966942148 0.0361328125 0.1184573002754821 0.0078125
12 0.6804407713498623 0.0361328125 0.05647382920110193 0.0078125
10 0.7603305785123967 0.0361328125 0.07851239669421488 0.0087890625
17 0.8471074380165289 0.0361328125 0.07575757575757576 0.0107421875
30 0.8650137741046832 0.005859375 0.05234159779614325 0.0087890625
26 0.7796143250688705 0.0078125 0.009641873278236915 0.0078125
28 0.7947658402203857 0.0078125 0.009641873278236915 0.0078125
29 0.8112947658402204 0.0078125 0.011019283746556474 0.0068359375
27 0.8278236914600551 0.0078125 0.009641873278236915 0.0068359375
16 0.04269972451790634 0.005859375 0.07851239669421488 0.0068359375
15 0.13636363636363635 0.005859375 0.028925619834710745 0.0068359375
1 0.4986225895316804 0.1796875 0.9972451790633609 0.2451171875
7 0.5013774104683195 0.0068359375 0.08677685950413223 0.01171875
2 0.9765840220385675 0.0078125 0.011019283746556474 0.0107421875