12 0.5013661202185792 0.3359375 0.07513661202185792 0.0126953125
0 0.49043715846994534 0.748046875 0.819672131147541 0.041015625
22 0.5013661202185792 0.9072265625 0.8688524590163934 0.1845703125
26 0.29508196721311475 0.849609375 0.012295081967213115 0.009765625
28 0.3087431693989071 0.849609375 0.012295081967213115 0.0107421875
29 0.3237704918032787 0.849609375 0.01366120218579235 0.0087890625
27 0.33879781420765026 0.849609375 0.01092896174863388 0.009765625
25 0.4644808743169399 0.87890625 0.06284153005464481 0.0439453125
30 0.4644808743169399 0.8505859375 0.05327868852459016 0.0087890625
34 0.5983606557377049 0.861328125 0.19262295081967212 0.0078125
31 0.5355191256830601 0.9189453125 0.06284153005464481 0.0078125
21 0.7431693989071039 0.861328125 0.050546448087431695 0.0078125
23 0.7882513661202186 0.8818359375 0.13934426229508196 0.0078125
33 0.8019125683060109 0.943359375 0.1680327868852459 0.0078125