12 0.5 0.3408203125 0.07162534435261708 0.013671875
0 0.48622589531680444 0.751953125 0.7920110192837465 0.044921875
22 0.5 0.9072265625 0.8581267217630854 0.1845703125
26 0.29614325068870523 0.8505859375 0.009641873278236915 0.0087890625
28 0.3085399449035813 0.8505859375 0.011019283746556474 0.0087890625
29 0.3236914600550964 0.8505859375 0.013774104683195593 0.0078125
27 0.33884297520661155 0.8505859375 0.011019283746556474 0.0087890625
25 0.4641873278236915 0.880859375 0.06060606060606061 0.0419921875
30 0.4641873278236915 0.8515625 0.05371900826446281 0.0087890625
34 0.6005509641873278 0.8623046875 0.1928374655647383 0.0078125
31 0.5358126721763086 0.919921875 0.06198347107438017 0.0068359375
33 0.803030303030303 0.943359375 0.1652892561983471 0.0078125
23 0.7892561983471075 0.8828125 0.13911845730027547 0.0068359375
21 0.743801652892562 0.8623046875 0.048209366391184574 0.0068359375