30 0.8647540983606558 0.0048828125 0.05327868852459016 0.009765625
26 0.7786885245901639 0.0078125 0.01092896174863388 0.0078125
28 0.7937158469945356 0.0078125 0.009562841530054645 0.0068359375
29 0.8101092896174863 0.0078125 0.01092896174863388 0.0068359375
27 0.8265027322404371 0.0078125 0.01092896174863388 0.0068359375
2 0.9781420765027322 0.0078125 0.01639344262295082 0.0126953125
5 0.9781420765027322 0.0361328125 0.020491803278688523 0.0166015625
32 0.5532786885245902 0.0361328125 0.6666666666666666 0.0224609375
17 0.8456284153005464 0.03515625 0.07103825136612021 0.009765625
10 0.7609289617486339 0.0361328125 0.08333333333333333 0.009765625
12 0.6816939890710383 0.0361328125 0.060109289617486336 0.009765625
4 0.5792349726775956 0.0361328125 0.12431693989071038 0.01171875
8 0.23770491803278687 0.0361328125 0.030054644808743168 0.009765625
1 0.5 0.1708984375 0.9931693989071039 0.2314453125
16 0.04234972677595628 0.0048828125 0.0778688524590164 0.0087890625
15 0.1366120218579235 0.005859375 0.031420765027322405 0.0087890625