3 0.4887079831932773 0.9782790309106099 0.5509453781512605 0.04177109440267335
30 0.2494747899159664 0.9807852965747702 0.06880252100840337 0.02422723475355054
5 0.4957983193277311 0.898078529657477 0.26260504201680673 0.03759398496240601
9 0.6927521008403361 0.8943191311612364 0.046218487394957986 0.01670843776106934
32 0.4679621848739496 0.8208020050125313 0.43592436974789917 0.04344193817878028
8 0.25971638655462187 0.8233082706766918 0.019432773109243698 0.014202172096908938
17 0.47741596638655465 0.8237259816207184 0.09138655462184873 0.03508771929824561
4 0.5782563025210085 0.8224728487886382 0.07773109243697479 0.031746031746031744
12 0.6664915966386554 0.8224728487886382 0.03203781512605042 0.015873015873015872
7 0.944327731092437 0.9782790309106099 0.0782563025210084 0.020050125313283207
11 0.4007352941176471 0.8279030910609858 0.03046218487394958 0.017543859649122806