22 0.4965861344537815 0.41311612364243944 0.5714285714285714 0.6040100250626567
20 0.32563025210084034 0.3533834586466165 0.16964285714285715 0.014202172096908938
33 0.29490546218487396 0.3755221386800334 0.10504201680672269 0.011695906432748537
19 0.27310924369747897 0.39724310776942356 0.06355042016806722 0.013366750208855471
23 0.27258403361344535 0.504594820384294 0.06144957983193277 0.014202172096908938
31 0.6712184873949579 0.17042606516290726 0.046218487394957986 0.014202172096908938
34 0.45955882352941174 0.1883876357560568 0.14705882352941177 0.015873015873015872
26 0.24921218487394958 0.26608187134502925 0.012605042016806723 0.020885547201336674
28 0.3897058823529412 0.2652464494569758 0.013130252100840336 0.020885547201336674
27 0.529936974789916 0.2652464494569758 0.01365546218487395 0.020050125313283207
29 0.6722689075630253 0.2619047619047619 0.01523109243697479 0.020050125313283207
25 0.22531512605042017 0.05764411027568922 0.026260504201680673 0.04177109440267335
30 0.28361344537815125 0.05764411027568922 0.05934873949579832 0.02506265664160401