3 0.4888130252100841 0.0218796992481203 0.5509926470588233 0.04197159565580618
30 0.24952731092436975 0.01919799498746867 0.06904936974789917 0.024110275689223058
5 0.4956827731092437 0.10179615705931495 0.26272058823529404 0.03750208855472012
9 0.6927258403361345 0.10581453634085213 0.04602941176470582 0.016967418546365916
32 0.4678991596638655 0.17903091060985798 0.4361817226890756 0.04375104427736007
8 0.2596323529411765 0.1768003341687552 0.019648109243697462 0.014285714285714304
17 0.47744222689075627 0.17635756056808688 0.09150210084033615 0.03482038429406851
4 0.5782037815126051 0.17769423558897243 0.07746848739495799 0.032147034252297424
12 0.6666228991596639 0.17769423558897243 0.03199579831932777 0.016073517126148712
7 0.9442489495798319 0.02155388471177945 0.07850840336134454 0.020041771094402677
11 0.400672268907563 0.17223057644110276 0.030546218487395 0.017493734335839596