22 0.4965546218487395 0.5870008354218882 0.5713497899159663 0.6036006683375102
20 0.32551470588235293 0.6464661654135337 0.16964285714285715 0.014068504594820506
33 0.2948686974789916 0.6244862155388471 0.10519432773109241 0.011854636591478743
19 0.273125 0.6027485380116959 0.06336134453781518 0.01317460317460316
23 0.27271533613445376 0.4953717627401838 0.06170693277310925 0.014494569757727576
31 0.6713287815126051 0.8296908939014201 0.046386554621848826 0.013834586466165748
34 0.4594905462184874 0.8115789473684211 0.14702205882352945 0.015806182121971657
26 0.24925420168067225 0.7337593984962406 0.01251575630252103 0.020492898913951334
28 0.3897111344537815 0.7346365914786969 0.012883403361344524 0.021086048454469326
27 0.529984243697479 0.7346365914786969 0.013623949579831962 0.01990810359231406
29 0.6722846638655462 0.738153717627402 0.01546218487394961 0.01990810359231406
25 0.2252993697478992 0.9422305764411026 0.026339285714285704 0.041896407685881064
30 0.28362394957983195 0.9422305764411026 0.0592647058823529 0.025438596491227917