3 0.5112920168067226 0.02172096908939014 0.5509453781512605 0.04177109440267335
30 0.7505252100840336 0.01921470342522974 0.06880252100840337 0.02422723475355054
5 0.5042016806722689 0.10192147034252297 0.26260504201680673 0.03759398496240601
9 0.3072478991596639 0.10568086883876357 0.046218487394957986 0.01670843776106934
32 0.5320378151260504 0.17919799498746866 0.43592436974789917 0.04344193817878028
8 0.7402836134453782 0.17669172932330826 0.019432773109243698 0.014202172096908938
17 0.5225840336134454 0.17627401837928153 0.09138655462184873 0.03508771929824561
4 0.4217436974789916 0.17752715121136173 0.07773109243697479 0.031746031746031744
12 0.3335084033613445 0.17752715121136173 0.03203781512605042 0.015873015873015872
7 0.05567226890756303 0.02172096908939014 0.0782563025210084 0.020050125313283207
11 0.5992647058823529 0.1720969089390142 0.03046218487394958 0.017543859649122806