3 0.49939975990396157 0.013671875 0.7863145258103241 0.0263671875
7 0.8835534213685474 0.013671875 0.01680672268907563 0.013671875
5 0.737094837935174 0.0478515625 0.2112845138055222 0.0263671875
32 0.5006002400960384 0.0908203125 0.723889555822329 0.041015625
1 0.5006002400960384 0.2041015625 0.985594237695078 0.1875
8 0.15726290516206481 0.0908203125 0.03481392557022809 0.009765625
17 0.2785114045618247 0.0908203125 0.13805522208883553 0.0244140625
4 0.47058823529411764 0.091796875 0.18487394957983194 0.015625
12 0.5966386554621849 0.091796875 0.05042016806722689 0.013671875
15 0.8391356542617047 0.0908203125 0.04081632653061224 0.015625
2 0.9843937575030012 0.18359375 0.031212484993997598 0.078125
30 0.14645858343337334 0.013671875 0.07683073229291716 0.0185546875