0 0.4777911164465786 0.533203125 0.8535414165666266 0.041015625
22 0.5006002400960384 0.7412109375 0.801920768307323 0.314453125
31 0.26290516206482595 0.7958984375 0.08043217286914765 0.0107421875
34 0.19327731092436976 0.7958984375 0.05162064825930372 0.0126953125
25 0.11884753901560624 0.9755859375 0.031212484993997598 0.025390625
28 0.3157262905162065 0.7744140625 0.010804321728691477 0.0087890625
29 0.41536614645858344 0.7744140625 0.010804321728691477 0.01171875
27 0.5474189675870348 0.7744140625 0.012004801920768308 0.0107421875
33 0.25930372148859543 0.75390625 0.1836734693877551 0.009765625
19 0.22208883553421369 0.7412109375 0.10804321728691477 0.01171875
23 0.22328931572629052 0.701171875 0.1092436974789916 0.009765625
21 0.19567827130852342 0.673828125 0.057623049219687875 0.0107421875
30 0.18847539015606243 0.9755859375 0.0744297719087635 0.015625