0 0.45918367346938777 0.48193359375 0.05042016806722689 0.6943359375
22 0.2034813925570228 0.50048828125 0.3865546218487395 0.65234375
31 0.1362545018007203 0.30712890625 0.013205282112845138 0.0654296875
34 0.1362545018007203 0.25048828125 0.015606242496998799 0.0419921875
28 0.16266506602641057 0.35009765625 0.010804321728691477 0.0087890625
29 0.16266506602641057 0.43115234375 0.014405762304921969 0.0087890625
27 0.16266506602641057 0.53857421875 0.013205282112845138 0.009765625
33 0.187875150060024 0.30419921875 0.012004801920768308 0.1494140625
19 0.2034813925570228 0.27392578125 0.014405762304921969 0.087890625
23 0.2527010804321729 0.27490234375 0.012004801920768308 0.0888671875
21 0.2863145258103241 0.25244140625 0.013205282112845138 0.046875