3 0.8434873949579832 0.49262536873156343 0.025210084033613446 0.8053097345132744
7 0.8440126050420168 0.8831120943952803 0.013130252100840336 0.02064896755162242
28 0.8185399159663865 0.8543510324483776 0.014180672268907563 0.01991150442477876
29 0.8190651260504201 0.8849557522123894 0.014705882352941176 0.018436578171091445
7 0.8188025210084033 0.9151917404129793 0.012605042016806723 0.018436578171091445
5 0.7875525210084033 0.9387905604719764 0.01050420168067227 0.01696165191740413
32 0.7901785714285714 0.6297935103244838 0.025735294117647058 0.5811209439528023
6 0.789390756302521 0.36799410029498525 0.008928571428571428 0.05309734513274336
17 0.7888655462184874 0.4668141592920354 0.018907563025210083 0.12094395280235988
4 0.7883403361344538 0.5962389380530974 0.009453781512605041 0.11430678466076696
12 0.788077731092437 0.6836283185840708 0.011029411764705883 0.03982300884955752
10 0.7886029411764706 0.8178466076696165 0.011029411764705883 0.059734513274336286
5 0.6872373949579832 0.8952802359882006 0.025210084033613446 0.032448377581120944
5 0.6307773109243697 0.8252212389380531 0.02153361344537815 0.03171091445427729
30 0.8445378151260504 0.12979351032448377 0.014180672268907563 0.07743362831858407