22 0.488203781512605 0.3384322820037105 0.5644747899159664 0.5909925788497219
27 0.661234243697479 0.23769016697588127 0.007904411764705977 0.01396103896103913
29 0.6610136554621848 0.20705009276437852 0.007463235294117666 0.0193877551020409
28 0.6610136554621848 0.17874768089053808 0.009222689075630223 0.017059369202226227
26 0.6596953781512604 0.15044526901669764 0.006586134453781494 0.020936920222634662
31 0.250047268907563 0.3113543599257886 0.05400735294117649 0.018608534322819986
33 0.47397058823529414 0.5075602968460112 0.09790966386554625 0.018608534322819986
23 0.4777048319327731 0.22915584415584414 0.10713235294117648 0.015510204081632468
21 0.4445535714285714 0.15509276437847871 0.038198529411764715 0.016289424860853382
30 0.7235819327731092 0.2962337662337662 0.09308298319327732 0.0395547309833023
25 0.7244590336134453 0.3571150278293136 0.023707983193277243 0.043423005565862656
19 0.4645325630252101 0.35051948051948045 0.07639705882352943 0.016289424860853382
20 0.28846638655462187 0.18922077922077923 0.12469537815126054 0.016289424860853382
20 0.2636607142857143 0.4866141001855287 0.07771533613445379 0.017059369202226227
2 0.9874002100840336 0.484786641929499 0.025199579831932783 0.17253246753246734
26 0.5341386554621849 0.010667903525046383 0.023109243697478993 0.021335807050092765
28 0.5588235294117647 0.01020408163265306 0.022058823529411766 0.02040816326530612