3 0.49484768907563026 0.01778023598820059 0.5734453781512606 0.035302359882005904
7 0.7727731092436975 0.017138643067846605 0.01479516806722693 0.018768436578171087
28 0.7523949579831932 0.05280973451327434 0.014070378151260485 0.01955014749262536
29 0.7741491596638655 0.05191740412979352 0.012878151260504192 0.02031710914454278
7 0.7958140756302521 0.052367256637168146 0.013335084033613378 0.01737463126843658
5 0.8125052521008403 0.0963495575221239 0.012053571428571334 0.01440265486725666
32 0.5923476890756302 0.09251474926253687 0.41369747899159653 0.035789085545722715
6 0.4058718487394958 0.09359882005899706 0.038014705882353 0.012735988200589979
17 0.4763813025210084 0.09455014749262537 0.08598214285714288 0.026179941002949854
4 0.5684611344537814 0.09525811209439528 0.08131827731092434 0.013502949852507376
12 0.6308088235294117 0.09544985250737463 0.028130252100840306 0.015169616519174036
10 0.7264915966386555 0.09487463126843658 0.042531512605042024 0.0153023598820059
5 0.7816334033613446 0.2369985250737463 0.023314075630252035 0.03528023598820061
5 0.7315913865546219 0.3164601769911504 0.022683823529411794 0.030442477876106176
30 0.23632352941176468 0.016349557522123893 0.05508928571428571 0.019675516224188797