2 0.012342436974789915 0.532448377581121 0.02468487394957983 0.13938053097345132
26 0.37788865546218486 0.5088495575221239 0.022584033613445378 0.03171091445427729
28 0.35320378151260506 0.5092182890855457 0.023109243697478993 0.033185840707964605
22 0.5097163865546218 0.24151917404129794 0.5698529411764706 0.46828908554572274
30 0.2759978991596639 0.2754424778761062 0.0934873949579832 0.033185840707964605
25 0.2757352941176471 0.22603244837758113 0.02415966386554622 0.033185840707964605
27 0.3390231092436975 0.32042772861356933 0.007878151260504201 0.011061946902654867
29 0.3384978991596639 0.34292035398230086 0.009978991596638655 0.014011799410029498
28 0.3395483193277311 0.36799410029498525 0.009453781512605041 0.011799410029498525
23 0.5220588235294118 0.3278023598820059 0.10714285714285714 0.012536873156342183
19 0.5351890756302521 0.2308259587020649 0.07720588235294118 0.012536873156342183
33 0.5265231092436975 0.10619469026548672 0.09716386554621849 0.015486725663716814
20 0.7360819327731093 0.12168141592920353 0.07930672268907563 0.01696165191740413
20 0.7116596638655462 0.3609882005899705 0.12710084033613445 0.015486725663716814
31 0.7492121848739496 0.262905604719764 0.052521008403361345 0.01327433628318584
21 0.5567226890756303 0.3867994100294985 0.03991596638655462 0.015486725663716814