3 0.5052521008403361 0.9823008849557522 0.5735294117647058 0.035398230088495575
7 0.2271533613445378 0.9830383480825958 0.014705882352941176 0.018436578171091445
28 0.24763655462184875 0.9472713864306784 0.014180672268907563 0.01991150442477876
29 0.22584033613445378 0.9480088495575221 0.013130252100840336 0.02064896755162242
7 0.20430672268907563 0.9476401179941003 0.013130252100840336 0.017699115044247787
5 0.1875 0.9037610619469026 0.01207983193277311 0.014749262536873156
32 0.40756302521008403 0.907448377581121 0.41386554621848737 0.036135693215339236
6 0.5940126050420168 0.9063421828908554 0.037815126050420166 0.012536873156342183
17 0.5236344537815126 0.9056047197640118 0.0861344537815126 0.02654867256637168
4 0.43146008403361347 0.9048672566371682 0.08140756302521009 0.01327433628318584
12 0.3692226890756303 0.9044985250737463 0.028361344537815126 0.015486725663716814
10 0.27363445378151263 0.9052359882005899 0.04254201680672269 0.015486725663716814
5 0.2184873949579832 0.762905604719764 0.023109243697478993 0.035398230088495575
5 0.26838235294117646 0.6836283185840708 0.022584033613445378 0.03023598820058997
30 0.7636554621848739 0.9837758112094396 0.05514705882352941 0.01991150442477876