26 0.5063025210084033 0.6714601769911505 0.022584033613445378 0.03171091445427729
28 0.5065651260504201 0.7061209439528023 0.023634453781512604 0.032448377581120944
22 0.3159138655462185 0.4863569321533923 0.3335084033613445 0.8001474926253688
30 0.3400735294117647 0.81452802359882 0.023634453781512604 0.13126843657817108
25 0.30488445378151263 0.8148967551622419 0.023634453781512604 0.03392330383480826
27 0.37211134453781514 0.7260324483775811 0.007878151260504201 0.011061946902654867
29 0.38813025210084034 0.7267699115044248 0.009978991596638655 0.014011799410029498
28 0.4059873949579832 0.7252949852507374 0.008403361344537815 0.01327433628318584
23 0.37736344537815125 0.4690265486725664 0.008928571428571428 0.1504424778761062
19 0.3082983193277311 0.4505899705014749 0.008928571428571428 0.1084070796460177
33 0.21953781512605042 0.46275811209439527 0.011029411764705883 0.1364306784660767
20 0.23056722689075632 0.16851032448377581 0.01207983193277311 0.11135693215339233
20 0.4009978991596639 0.2028023598820059 0.011029411764705883 0.17846607669616518
31 0.33114495798319327 0.15007374631268436 0.009453781512605041 0.07374631268436578
21 0.41938025210084034 0.42035398230088494 0.011029411764705883 0.05604719764011799