22 0.40835084033613445 0.48886827458256027 0.33455882352941174 0.9777365491651205
27 0.35136554621848737 0.7847866419294991 0.007878151260504201 0.013914656771799629
29 0.33403361344537813 0.7843228200371057 0.011029411764705883 0.012987012987012988
28 0.3180147058823529 0.7843228200371057 0.009453781512605041 0.016697588126159554
26 0.3019957983193277 0.7820037105751392 0.01207983193277311 0.012059369202226345
31 0.39311974789915966 0.05844155844155844 0.01050420168067227 0.09554730983302412
33 0.5042016806722689 0.45408163265306123 0.01050420168067227 0.1725417439703154
23 0.34663865546218486 0.4605751391465677 0.008928571428571428 0.18923933209647495
21 0.30462184873949577 0.40213358070500926 0.009453781512605041 0.06771799628942486
30 0.38471638655462187 0.8947124304267161 0.022584033613445378 0.16419294990723562
25 0.41911764705882354 0.8965677179962894 0.02468487394957983 0.041743970315398886
19 0.41544117647058826 0.43738404452690166 0.009453781512605041 0.1345083487940631
20 0.3240546218487395 0.1261595547309833 0.009453781512605041 0.21985157699443414
20 0.49238445378151263 0.08256029684601113 0.009453781512605041 0.137291280148423
26 0.22295168067226892 0.5602968460111317 0.01207983193277311 0.04081632653061224
28 0.22268907563025211 0.6038961038961039 0.011554621848739496 0.03896103896103896