2 0.9877678571428572 0.46771386430678485 0.024459033613445463 0.13946902654867266
26 0.6221165966386555 0.49102507374631266 0.02282563025210086 0.03165929203539811
28 0.6467384453781513 0.4909587020648968 0.02329831932773116 0.032868731563421946
22 0.49020483193277314 0.7586135693215338 0.5700105042016806 0.4683554572271387
30 0.7240913865546219 0.7245575221238938 0.09363970588235292 0.03292035398230113
25 0.7243119747899159 0.7740412979351031 0.024012605042016702 0.03350294985250759
27 0.6610819327731092 0.6795796460176993 0.008014705882353056 0.011356932153392061
29 0.6614285714285714 0.6570943952802359 0.010099789915966396 0.014203539823009011
28 0.6605252100840336 0.6320796460176991 0.00967962184873941 0.011976401179940843
23 0.47798844537815127 0.6723598820058996 0.10740021008403362 0.012536873156342183
19 0.4646848739495798 0.7690191740412979 0.07731617647058825 0.012669616519174256
33 0.4734716386554622 0.8937536873156341 0.09697478991596632 0.015287610619468704
20 0.26384453781512607 0.8782817109144542 0.0790913865546218 0.01688053097345157
20 0.28835084033613445 0.639019174041298 0.1270588235294118 0.015324483775811021
31 0.25067752100840335 0.7369469026548674 0.05275735294117649 0.013060471976401207
21 0.44324054621848735 0.6132743362831857 0.03966386554621848 0.01519174041297962