3 0.49396008403361347 0.022263450834879406 0.5740546218487395 0.04452690166975881
30 0.23660714285714285 0.019944341372912802 0.05514705882352941 0.025974025974025976
7 0.773109243697479 0.021335807050092765 0.01523109243697479 0.026901669758812616
32 0.5905987394957983 0.11966604823747681 0.41281512605042014 0.059369202226345084
6 0.4054621848739496 0.12059369202226346 0.03939075630252101 0.017625231910946195
17 0.47636554621848737 0.11827458256029684 0.08508403361344538 0.03339517625231911
4 0.5688025210084033 0.11920222634508348 0.08035714285714286 0.01948051948051948
12 0.6297268907563025 0.11781076066790352 0.029936974789915968 0.01855287569573284
10 0.7258403361344538 0.11966604823747681 0.043592436974789914 0.014842300556586271
5 0.8122373949579832 0.12105751391465677 0.01365546218487395 0.022263450834879406
26 0.7313550420168067 0.06586270871985157 0.007352941176470588 0.025974025974025976
28 0.7526260504201681 0.06586270871985157 0.011554621848739496 0.02040816326530612
29 0.7741596638655462 0.0663265306122449 0.011554621848739496 0.02411873840445269
27 0.7956932773109243 0.0663265306122449 0.011029411764705883 0.02040816326530612
26 0.5341386554621849 0.9897959183673469 0.023109243697478993 0.02040816326530612
28 0.5588235294117647 0.9902597402597403 0.022058823529411766 0.01948051948051948
10 0.7085084033613446 0.2829313543599258 0.0625 0.02411873840445269
12 0.7027310924369747 0.40630797773654914 0.06722689075630252 0.04267161410018553
5 0.6310399159663865 0.3362708719851577 0.023634453781512604 0.045454545454545456