3 0.49405987394957984 0.022031539888682745 0.5739075630252102 0.04406307977736549
30 0.23654936974789914 0.019833024118738402 0.05489495798319327 0.02556586270871985
7 0.7730304621848739 0.021150278293135438 0.014973739495798433 0.02644712430426716
32 0.590625 0.11943413729128015 0.41271533613445377 0.059053803339517597
6 0.40547794117647057 0.12076066790352505 0.03942752100840333 0.017625231910946195
17 0.4763445378151261 0.11811688311688312 0.08533613445378152 0.03349721706864563
4 0.568671218487395 0.11899814471243043 0.0803466386554622 0.019387755102040796
12 0.6298004201680673 0.11767161410018552 0.02994222689075642 0.018506493506493495
10 0.7258718487394957 0.11943413729128015 0.043419117647058865 0.014981447124304246
5 0.8122058823529412 0.12119666048237478 0.013476890756302444 0.022031539888682745
26 0.7312605042016807 0.06579777365491651 0.007415966386554565 0.02560296846011131
28 0.7525 0.06579777365491651 0.011465336134453743 0.020844155844155842
29 0.7742436974789917 0.06609461966604824 0.01180147058823519 0.02382189239332097
27 0.7958193277310924 0.06639146567717996 0.011123949579831847 0.020844155844155842
26 0.5341386554621849 0.9897959183673469 0.023109243697478993 0.02040816326530612
28 0.5588235294117647 0.9902597402597403 0.022058823529411766 0.01948051948051948
10 0.7085136554621849 0.28308905380333954 0.06242121848739491 0.02416512059369198
12 0.7027258403361345 0.40640074211502786 0.06726890756302517 0.04276437847866421
5 0.6309926470588235 0.3360853432282004 0.02380777310924366 0.04578849721706866