22 0.4789758403361345 0.6949584199584199 0.6460609243697478 0.5960602910602909
30 0.7423371848739496 0.6984407484407485 0.1119747899159663 0.05344074844074829
25 0.6916754201680673 0.7711850311850313 0.024805672268907574 0.04878378378378361
31 0.20247899159663865 0.7093451143451145 0.055819327731092425 0.02520790020790021
20 0.23934348739495795 0.5665592515592516 0.1285294117647059 0.02590436590436598
20 0.21461659663865545 0.9183679833679834 0.08008928571428572 0.024885654885654942
19 0.4480882352941176 0.7320582120582121 0.08481092436974791 0.024594594594594444
23 0.4638655462184874 0.5911746361746362 0.11636029411764703 0.023087318087318124
21 0.42700105042016806 0.5247401247401247 0.04365021008403356 0.026330561330561254
33 0.4584033613445378 0.9162058212058213 0.10544117647058823 0.016538461538461387
26 0.683361344537815 0.5208316008316007 0.008340336134453839 0.016101871101870877
28 0.6834401260504201 0.5549376299376299 0.010147058823529499 0.019324324324324474
29 0.6840756302521008 0.5915176715176714 0.010189075630252148 0.016943866943867132
27 0.6831775210084033 0.6267359667359668 0.00838235294117649 0.01672557172557188