22 0.5984768907563025 0.5 0.3009453781512605 1
30 0.6000525210084033 0.06548856548856549 0.026785714285714284 0.13097713097713098
25 0.6370798319327731 0.12058212058212059 0.02468487394957983 0.04885654885654886
20 0.5333508403361344 0.9443866943866944 0.013130252100840336 0.11122661122661123
19 0.6171218487394958 0.6029106029106029 0.012605042016806723 0.16735966735966737
23 0.5459558823529411 0.5717255717255717 0.011554621848739496 0.23076923076923078
21 0.5126050420168067 0.6444906444906445 0.013130252100840336 0.08627858627858628
33 0.7103466386554622 0.5821205821205822 0.008403361344537815 0.20893970893970895
26 0.5105042016806722 0.13721413721413722 0.007878151260504201 0.016632016632016633
28 0.5278361344537815 0.1366943866943867 0.009978991596638655 0.01975051975051975
29 0.5462184873949579 0.13565488565488565 0.008403361344537815 0.01975051975051975
27 0.5640756302521008 0.13721413721413722 0.008403361344537815 0.016632016632016633