3 0.22951680672268907 0.49814471243042674 0.025210084033613446 0.9962894248608535
30 0.22794117647058823 0.041743970315398886 0.014705882352941176 0.08348794063079777
7 0.22899159663865545 0.9823747680890538 0.01523109243697479 0.026901669758812616
32 0.2846638655462185 0.647495361781076 0.03361344537815126 0.7050092764378478
6 0.2851890756302521 0.33302411873840443 0.009978991596638655 0.06957328385899815
17 0.28387605042016806 0.4582560296846011 0.018907563025210083 0.150278293135436
4 0.28440126050420167 0.62152133580705 0.011029411764705883 0.14192949907235622
12 0.28361344537815125 0.7291280148423006 0.01050420168067227 0.05287569573283859
10 0.2846638655462185 0.898886827458256 0.008403361344537815 0.07699443413729128
26 0.2542016806722689 0.9086270871985158 0.014705882352941176 0.012987012987012988
28 0.2542016806722689 0.9461966604823747 0.011554621848739496 0.02040816326530612
29 0.2542016806722689 0.9842300556586271 0.01365546218487395 0.02040816326530612
26 0.7773109243697479 0.5602968460111317 0.011554621848739496 0.04081632653061224
28 0.7775735294117647 0.6038961038961039 0.011029411764705883 0.03896103896103896
10 0.37710084033613445 0.8682745825602969 0.01365546218487395 0.11038961038961038
12 0.44695378151260506 0.8580705009276438 0.02415966386554622 0.11873840445269017
5 0.4073004201680672 0.7314471243042672 0.025735294117647058 0.041743970315398886