22 0.4881827731092437 0.3385899814471243 0.5646008403361344 0.5909090909090909
27 0.6612394957983193 0.23747680890538034 0.007878151260504201 0.013914656771799629
29 0.6609768907563025 0.20686456400742115 0.007352941176470588 0.01948051948051948
28 0.6609768907563025 0.17857142857142858 0.009453781512605041 0.016697588126159554
26 0.6596638655462185 0.150278293135436 0.006827731092436975 0.021335807050092765
31 0.25 0.3112244897959184 0.05409663865546219 0.01855287569573284
33 0.4740021008403361 0.5074211502782932 0.0976890756302521 0.01855287569573284
23 0.47767857142857145 0.22912801484230055 0.10714285714285714 0.015769944341372914
21 0.44459033613445376 0.1549165120593692 0.038340336134453784 0.016697588126159554
30 0.7234768907563025 0.2963821892393321 0.09296218487394958 0.039888682745825604
25 0.7245273109243697 0.35714285714285715 0.023634453781512604 0.04359925788497217
19 0.4645483193277311 0.35064935064935066 0.07615546218487394 0.016697588126159554
20 0.28834033613445376 0.18923933209647495 0.12447478991596639 0.016697588126159554
20 0.26365546218487396 0.4865491651205937 0.07773109243697479 0.016697588126159554
2 0.9873949579831933 0.4846938775510204 0.025210084033613446 0.1725417439703154
26 0.5341386554621849 0.010667903525046383 0.023109243697478993 0.021335807050092765
28 0.5588235294117647 0.01020408163265306 0.022058823529411766 0.02040816326530612