22 0.5 0.2490234375 0.6469933184855234 0.373046875
18 0.9832962138084632 0.0205078125 0.026726057906458798 0.0224609375
34 0.5055679287305123 0.1162109375 0.23719376391982183 0.0107421875
26 0.2383073496659243 0.1494140625 0.014476614699331848 0.0126953125
28 0.31625835189309576 0.1484375 0.013363028953229399 0.01171875
29 0.3830734966592428 0.1494140625 0.013363028953229399 0.01171875
27 0.455456570155902 0.1494140625 0.013363028953229399 0.01171875
33 0.3040089086859688 0.2060546875 0.1447661469933185 0.0078125
19 0.2739420935412027 0.2431640625 0.08574610244988864 0.0078125
23 0.2728285077951002 0.3291015625 0.08129175946547884 0.0087890625
21 0.2516703786191537 0.3671875 0.0378619153674833 0.0078125