3 0.49665924276169265 0.98828125 0.5935412026726058 0.0224609375
30 0.23608017817371937 0.98828125 0.07238307349665925 0.013671875
7 0.7850779510022272 0.9892578125 0.013363028953229399 0.01171875
5 0.6859688195991092 0.9365234375 0.21158129175946547 0.021484375
9 0.7182628062360802 0.9560546875 0.04788418708240535 0.0078125
14 0.7694877505567929 0.955078125 0.04120267260579064 0.0068359375
32 0.5011135857461024 0.8984375 0.5400890868596881 0.02734375
8 0.24164810690423164 0.8974609375 0.021158129175946547 0.0078125
17 0.3262806236080178 0.8935546875 0.09242761692650334 0.0146484375
4 0.47216035634743875 0.8974609375 0.14142538975501115 0.0087890625
12 0.5935412026726058 0.8984375 0.043429844097995544 0.005859375
13 0.6792873051224945 0.8974609375 0.06904231625835189 0.0087890625
2 0.9866369710467706 0.3515625 0.026726057906458798 0.1025390625
5 0.6035634743875279 0.7822265625 0.011135857461024499 0.009765625