3 0.4937833037300178 0.990234375 0.7992895204262878 0.017578125
32 0.5079928952042628 0.9375 0.7619893428063943 0.0205078125
1 0.5 0.865234375 1 0.123046875
8 0.8650088809946714 0.935546875 0.03907637655417407 0.005859375
17 0.7495559502664298 0.9365234375 0.1172291296625222 0.0126953125
4 0.6216696269982238 0.9365234375 0.11367673179396093 0.0146484375
12 0.5204262877442274 0.9365234375 0.06216696269982238 0.009765625
11 0.3925399644760213 0.9365234375 0.05150976909413854 0.0087890625
10 0.2522202486678508 0.935546875 0.07460035523978685 0.0107421875
5 0.23801065719360567 0.9580078125 0.26287744227353466 0.015625
9 0.1349911190053286 0.974609375 0.06216696269982238 0.0078125
2 0.012433392539964476 0.8740234375 0.02486678507992895 0.0546875
16 0.6536412078152753 0.7568359375 0.06571936056838366 0.013671875
12 0.7637655417406749 0.189453125 0.056838365896980464 0.0068359375
26 0.8756660746003553 0.8193359375 0.010657193605683837 0.0068359375
27 0.8614564831261101 0.8193359375 0.012433392539964476 0.0078125
28 0.8454706927175843 0.8193359375 0.012433392539964476 0.0078125
30 0.8454706927175843 0.9912109375 0.0905861456483126 0.01171875
12 0.4404973357015986 0.1962890625 0.05150976909413854 0.005859375
12 0.69449378330373 0.0810546875 0.05150976909413854 0.005859375