0 0.4991119005328597 0.65625 0.5737122557726465 0.0654296875
22 0.4991119005328597 0.830078125 0.7921847246891652 0.2451171875
25 0.8703374777975134 0.982421875 0.04085257548845471 0.0224609375
31 0.5506216696269982 0.9306640625 0.06216696269982238 0.0078125
17 0.6198934280639432 0.931640625 0.0674955595026643 0.0078125
34 0.6767317939609236 0.931640625 0.04085257548845471 0.0078125
26 0.8436944937833037 0.8193359375 0.019538188277087035 0.01171875
29 0.8436944937833037 0.8349609375 0.017761989342806393 0.0107421875
28 0.49023090586145646 0.8193359375 0.017761989342806393 0.0107421875
27 0.4920071047957371 0.8349609375 0.019538188277087035 0.0107421875
23 0.8081705150976909 0.9033203125 0.08880994671403197 0.005859375
33 0.7797513321492007 0.787109375 0.15097690941385436 0.005859375
19 0.8099467140319716 0.779296875 0.0905861456483126 0.0068359375
23 0.8099467140319716 0.748046875 0.08880994671403197 0.0068359375
12 0.4404973357015986 0.0478515625 0.05328596802841918 0.0048828125
12 0.69449378330373 0.0517578125 0.0497335701598579 0.005859375
30 0.7513321492007105 0.982421875 0.11545293072824156 0.0146484375