12 0.30550621669627 0.0517578125 0.055062166962699825 0.0087890625
0 0.5008880994671403 0.6572265625 0.566607460035524 0.0615234375
22 0.5008880994671403 0.830078125 0.7886323268206039 0.2451171875
25 0.12966252220248667 0.982421875 0.03907637655417407 0.021484375
34 0.325044404973357 0.9306640625 0.04085257548845471 0.0078125
17 0.38188277087033745 0.931640625 0.06394316163410302 0.0078125
31 0.4493783303730018 0.931640625 0.06394316163410302 0.0078125
23 0.19182948490230906 0.9033203125 0.08880994671403197 0.005859375
29 0.15630550621669628 0.8349609375 0.017761989342806393 0.0107421875
26 0.15630550621669628 0.8193359375 0.021314387211367674 0.0107421875
28 0.5097690941385435 0.8193359375 0.019538188277087035 0.0107421875
27 0.5097690941385435 0.8349609375 0.015985790408525755 0.009765625
33 0.22202486678507993 0.787109375 0.15097690941385436 0.005859375
19 0.19005328596802842 0.779296875 0.08703374777975133 0.005859375
23 0.19182948490230906 0.748046875 0.08703374777975133 0.0048828125
21 0.1705150976909414 0.740234375 0.04440497335701599 0.005859375
12 0.5595026642984015 0.0478515625 0.05150976909413854 0.0048828125
30 0.25044404973357015 0.982421875 0.11367673179396093 0.015625