3 0.49733570159857904 0.009765625 0.7886323268206039 0.017578125
5 0.23801065719360567 0.04296875 0.26465364120781526 0.015625
9 0.1349911190053286 0.0263671875 0.0586145648312611 0.0078125
32 0.5044404973357016 0.0615234375 0.7566607460035524 0.01953125
1 0.5 0.13427734375 1 0.1220703125
8 0.866785079928952 0.064453125 0.03019538188277087 0.005859375
17 0.7531083481349912 0.0634765625 0.11367673179396093 0.0126953125
4 0.6234458259325044 0.0634765625 0.11012433392539965 0.013671875
12 0.5168738898756661 0.0634765625 0.055062166962699825 0.0078125
11 0.39431616341030196 0.064453125 0.037300177619893425 0.0078125
10 0.2522202486678508 0.0634765625 0.06394316163410302 0.0068359375
2 0.013321492007104795 0.12548828125 0.02664298401420959 0.0537109375
26 0.9751332149200711 0.0888671875 0.010657193605683837 0.005859375
27 0.9609236234458259 0.08984375 0.010657193605683837 0.005859375
28 0.9484902309058615 0.08984375 0.010657193605683837 0.005859375
16 0.655417406749556 0.2421875 0.06216696269982238 0.0146484375
30 0.8454706927175843 0.0087890625 0.0905861456483126 0.01171875
5 0.12433392539964476 0.0419921875 0.019538188277087035 0.0107421875
12 0.4422735346358792 0.8037109375 0.05150976909413854 0.005859375
12 0.7637655417406749 0.810546875 0.05150976909413854 0.005859375