26 0.4365904365904366 0.0703125 0.029106029106029108 0.0126953125
28 0.501039501039501 0.0703125 0.029106029106029108 0.01171875
27 0.5634095634095634 0.0693359375 0.02494802494802495 0.0126953125
0 0.501039501039501 0.7060546875 0.7442827442827443 0.0205078125
22 0.501039501039501 0.8447265625 0.7463617463617463 0.2041015625
25 0.1496881496881497 0.9853515625 0.0395010395010395 0.01953125
31 0.34303534303534305 0.9189453125 0.060291060291060294 0.0048828125
34 0.28274428274428276 0.91796875 0.037422037422037424 0.0048828125
26 0.17671517671517672 0.84375 0.016632016632016633 0.0078125
28 0.17671517671517672 0.8564453125 0.016632016632016633 0.0078125
29 0.5072765072765073 0.84375 0.016632016632016633 0.0078125
27 0.5072765072765073 0.85546875 0.016632016632016633 0.0087890625
33 0.24116424116424118 0.8251953125 0.14553014553014554 0.0048828125
19 0.20997920997921 0.818359375 0.08523908523908524 0.00390625
20 0.21205821205821207 0.8115234375 0.0893970893970894 0.00390625
20 0.21205821205821207 0.791015625 0.0893970893970894 0.00390625
23 0.20997920997921 0.7841796875 0.08523908523908524 0.00390625
21 0.1891891891891892 0.77734375 0.04365904365904366 0.0048828125
30 0.24740124740124741 0.9853515625 0.1288981288981289 0.013671875