32 0.501039501039501 0.068359375 0.6237006237006237 0.0185546875
17 0.2494802494802495 0.0693359375 0.11642411642411643 0.0107421875
4 0.3762993762993763 0.0703125 0.10395010395010396 0.0107421875
1 0.501039501039501 0.1376953125 0.7401247401247402 0.1171875
12 0.46361746361746364 0.0703125 0.04573804573804574 0.005859375
3 0.5031185031185031 0.0078125 0.7463617463617463 0.015625
30 0.17463617463617465 0.0078125 0.09355509355509356 0.009765625
5 0.7401247401247402 0.0419921875 0.2598752598752599 0.0146484375
2 0.9812889812889813 0.0458984375 0.02494802494802495 0.0107421875
5 0.8565488565488566 0.0419921875 0.02286902286902287 0.0107421875
17 0.9064449064449065 0.25390625 0.11434511434511435 0.0283203125