3 0.5090311986863711 0.9912109375 0.7389162561576355 0.015625
8 0.16091954022988506 0.9765625 0.022988505747126436 0.0048828125
19 0.3333333333333333 0.9765625 0.06568144499178982 0.005859375
28 0.5665024630541872 0.9462890625 0.014778325123152709 0.0078125
29 0.6091954022988506 0.9462890625 0.014778325123152709 0.0068359375
27 0.6502463054187192 0.9462890625 0.013136288998357963 0.0078125
32 0.4876847290640394 0.8857421875 0.7586206896551724 0.021484375
1 0.4942528735632184 0.7666015625 0.9885057471264368 0.2197265625
8 0.12479474548440066 0.88671875 0.029556650246305417 0.005859375
17 0.19704433497536947 0.88671875 0.08045977011494253 0.0068359375
15 0.38587848932676516 0.8857421875 0.04926108374384237 0.0068359375
16 0.4827586206896552 0.8857421875 0.11986863711001643 0.0068359375
4 0.6108374384236454 0.88671875 0.12807881773399016 0.0078125
12 0.7175697865353038 0.88671875 0.05747126436781609 0.0068359375
5 0.8768472906403941 0.884765625 0.013136288998357963 0.009765625
30 0.1839080459770115 0.9921875 0.08538587848932677 0.01171875
11 0.5697865353037767 0.466796875 0.11330049261083744 0.0146484375