3 0.48932676518883417 0.9921875 0.7372742200328407 0.015625
8 0.8390804597701149 0.9765625 0.021346469622331693 0.0048828125
19 0.6633825944170771 0.9765625 0.07060755336617405 0.0048828125
1 0.5041050903119869 0.7666015625 0.9901477832512315 0.2197265625
32 0.5172413793103449 0.88671875 0.7471264367816092 0.01953125
8 0.8752052545155994 0.8857421875 0.029556650246305417 0.005859375
17 0.8029556650246306 0.8857421875 0.07881773399014778 0.005859375
15 0.6174055829228243 0.88671875 0.04926108374384237 0.0068359375
16 0.5221674876847291 0.88671875 0.10837438423645321 0.005859375
4 0.38752052545155996 0.8857421875 0.12479474548440066 0.005859375
12 0.28078817733990147 0.88671875 0.05582922824302135 0.005859375
5 0.12315270935960591 0.8857421875 0.014778325123152709 0.0087890625
28 0.43349753694581283 0.947265625 0.014778325123152709 0.009765625
29 0.39080459770114945 0.9462890625 0.016420361247947456 0.0068359375
27 0.3497536945812808 0.9462890625 0.013136288998357963 0.0078125
11 0.4302134646962233 0.466796875 0.1116584564860427 0.013671875
30 0.8144499178981938 0.9931640625 0.08374384236453201 0.0107421875