3 0.5106732348111659 0.0078125 0.7372742200328407 0.015625
8 0.16091954022988506 0.0234375 0.021346469622331693 0.0048828125
19 0.3366174055829228 0.0234375 0.07060755336617405 0.0048828125
1 0.49589490968801314 0.2333984375 0.9901477832512315 0.2197265625
32 0.4827586206896552 0.11328125 0.7471264367816092 0.01953125
8 0.12479474548440066 0.1142578125 0.029556650246305417 0.005859375
17 0.19704433497536947 0.1142578125 0.07881773399014778 0.005859375
15 0.3825944170771757 0.11328125 0.04926108374384237 0.0068359375
16 0.47783251231527096 0.11328125 0.10837438423645321 0.005859375
4 0.6124794745484401 0.1142578125 0.12479474548440066 0.005859375
12 0.7192118226600985 0.11328125 0.05582922824302135 0.005859375
5 0.8768472906403941 0.1142578125 0.014778325123152709 0.0087890625
28 0.5665024630541872 0.052734375 0.014778325123152709 0.009765625
29 0.6091954022988506 0.0537109375 0.016420361247947456 0.0068359375
27 0.6502463054187192 0.0537109375 0.013136288998357963 0.0078125
11 0.5697865353037767 0.533203125 0.1116584564860427 0.013671875
30 0.18555008210180624 0.0068359375 0.08374384236453201 0.0107421875