27 0.5172413793103449 0.40234375 0.014778325123152709 0.0087890625
27 0.8029556650246306 0.4169921875 0.019704433497536946 0.01171875
26 0.13957307060755336 0.4013671875 0.013136288998357963 0.0087890625
0 0.4975369458128079 0.689453125 0.729064039408867 0.02734375
25 0.15435139573070608 0.9775390625 0.04926108374384237 0.0283203125
22 0.49589490968801314 0.841796875 0.7438423645320197 0.2265625
28 0.7274220032840722 0.9755859375 0.016420361247947456 0.0087890625
29 0.7684729064039408 0.9755859375 0.016420361247947456 0.0068359375
27 0.8095238095238095 0.9755859375 0.011494252873563218 0.0078125
31 0.548440065681445 0.853515625 0.060755336617405585 0.0068359375
33 0.5697865353037767 0.8388671875 0.11001642036124795 0.0087890625
34 0.535303776683087 0.82421875 0.041050903119868636 0.0068359375
21 0.36617405582922824 0.779296875 0.04433497536945813 0.0068359375
20 0.40558292282430214 0.88671875 0.12643678160919541 0.005859375
29 0.7487684729064039 0.271484375 0.042692939244663386 0.0185546875
29 0.49589490968801314 0.2724609375 0.042692939244663386 0.0185546875
29 0.24466338259441708 0.271484375 0.042692939244663386 0.0185546875
26 0.40558292282430214 0.548828125 0.016420361247947456 0.009765625
30 0.2594417077175698 0.9765625 0.13957307060755336 0.0205078125
33 0.3973727422003284 0.9189453125 0.10509031198686371 0.005859375