0 0.4975369458128079 0.69140625 0.7307060755336617 0.029296875
22 0.49589490968801314 0.841796875 0.7471264367816092 0.2275390625
25 0.15435139573070608 0.9775390625 0.04926108374384237 0.029296875
28 0.7274220032840722 0.974609375 0.014778325123152709 0.0087890625
29 0.7684729064039408 0.974609375 0.016420361247947456 0.005859375
27 0.8095238095238095 0.974609375 0.013136288998357963 0.0068359375
33 0.40229885057471265 0.9189453125 0.11330049261083744 0.0068359375
20 0.4072249589490969 0.88671875 0.12643678160919541 0.0068359375
21 0.36617405582922824 0.7783203125 0.04433497536945813 0.0068359375
33 0.5714285714285714 0.8388671875 0.1116584564860427 0.0068359375
31 0.555008210180624 0.8544921875 0.07881773399014778 0.0068359375
34 0.5402298850574713 0.82421875 0.047619047619047616 0.0068359375
23 0.7651888341543513 0.833984375 0.08538587848932677 0.0068359375
29 0.7487684729064039 0.271484375 0.042692939244663386 0.017578125
29 0.49589490968801314 0.2724609375 0.04433497536945813 0.01953125
29 0.24466338259441708 0.271484375 0.042692939244663386 0.0185546875
27 0.8029556650246306 0.4169921875 0.0180623973727422 0.0107421875
26 0.13957307060755336 0.4013671875 0.013136288998357963 0.0078125
27 0.5172413793103449 0.4013671875 0.011494252873563218 0.0078125
26 0.40558292282430214 0.548828125 0.014778325123152709 0.009765625
30 0.2594417077175698 0.9765625 0.13793103448275862 0.01953125