22 0.49987394957983194 0.4771428571428571 0.6481827731092437 0.7197802197802198
25 0.20576155462184872 0.9282905982905982 0.023235294117647062 0.05689865689865679
30 0.28012079831932774 0.9257387057387059 0.09483193277310921 0.05747252747252767
31 0.26695903361344536 0.7561904761904761 0.05750000000000001 0.025714285714285648
34 0.4387447478991597 0.7549084249084249 0.26029936974789913 0.02600732600732623
26 0.24605042016806725 0.6645299145299145 0.014459033613445364 0.032661782661782664
27 0.2807668067226891 0.6652503052503052 0.0141701680672269 0.032991452991452966
28 0.31519957983193275 0.6647008547008548 0.01330357142857139 0.034102564102563904
29 0.3498161764705882 0.6651404151404151 0.014732142857142833 0.03498168498168509
24 0.38445903361344536 0.6648107448107449 0.01381827731092434 0.03210012210012206
20 0.30222689075630255 0.5374725274725275 0.12633403361344536 0.023894993894994096
33 0.2827468487394958 0.4973504273504273 0.08737394957983188 0.022478632478632302
23 0.27610819327731095 0.36245421245421233 0.07314075630252101 0.021355311355311088
21 0.2573214285714286 0.2673748473748474 0.0369957983193277 0.023260073260073483
18 0.9835924369747899 0.8704639804639805 0.029978991596638617 0.06822954822954837