22 0.5 0.5225885225885226 0.648109243697479 0.7203907203907204
25 0.7941176470588235 0.07142857142857142 0.023109243697478993 0.057387057387057384
30 0.7198004201680672 0.07448107448107448 0.09506302521008403 0.057387057387057384
31 0.7329306722689075 0.24358974358974358 0.05724789915966386 0.02564102564102564
34 0.561186974789916 0.2448107448107448 0.2605042016806723 0.02564102564102564
26 0.7539390756302521 0.33577533577533575 0.014705882352941176 0.03296703296703297
27 0.7192752100840336 0.33455433455433453 0.014180672268907563 0.03296703296703297
28 0.6848739495798319 0.33516483516483514 0.013130252100840336 0.03418803418803419
29 0.6502100840336135 0.33516483516483514 0.014705882352941176 0.03540903540903541
24 0.615546218487395 0.33516483516483514 0.01365546218487395 0.031746031746031744
20 0.6977415966386554 0.4627594627594628 0.12657563025210083 0.02442002442002442
33 0.7171743697478992 0.5024420024420024 0.08718487394957983 0.02197802197802198
23 0.7240021008403361 0.6373626373626373 0.07300420168067227 0.020757020757020756
21 0.7426470588235294 0.7326007326007326 0.03676470588235294 0.0231990231990232
18 0.016281512605042018 0.12942612942612944 0.029936974789915968 0.06837606837606838