3 0.5036764705882353 0.9694749694749695 0.5782563025210085 0.06105006105006105
30 0.7547268907563025 0.9700854700854701 0.0740546218487395 0.040293040293040296
7 0.22268907563025211 0.9700854700854701 0.014705882352941176 0.03296703296703297
5 0.32221638655462187 0.8663003663003663 0.21218487394957983 0.05860805860805861
32 0.5 0.7533577533577533 0.5399159663865546 0.08058608058608059
8 0.7576155462184874 0.7545787545787546 0.02153361344537815 0.026862026862026864
17 0.6733193277310925 0.742979242979243 0.08876050420168068 0.047619047619047616
4 0.5462184873949579 0.7557997557997558 0.10031512605042017 0.02564102564102564
12 0.45063025210084034 0.7533577533577533 0.03571428571428571 0.02442002442002442
13 0.3697478991596639 0.7545787545787546 0.07457983193277311 0.028083028083028084
16 0.26759453781512604 0.753968253968254 0.07247899159663866 0.026862026862026864
5 0.25761554621848737 0.5317460317460317 0.01050420168067227 0.028083028083028084
13 0.7271533613445378 0.6605616605616605 0.06302521008403361 0.028083028083028084
2 0.01365546218487395 0.2905982905982906 0.0273109243697479 0.22466422466422467
5 0.22794117647058823 0.8644688644688645 0.01995798319327731 0.050061050061050064