3 0.4963235294117647 0.9694749694749695 0.5782563025210085 0.06105006105006105
30 0.24527310924369747 0.9700854700854701 0.0740546218487395 0.040293040293040296
7 0.7773109243697479 0.9700854700854701 0.014705882352941176 0.03296703296703297
5 0.6777836134453782 0.8663003663003663 0.21218487394957983 0.05860805860805861
32 0.5 0.7533577533577533 0.5399159663865546 0.08058608058608059
8 0.2423844537815126 0.7545787545787546 0.02153361344537815 0.026862026862026864
17 0.32668067226890757 0.742979242979243 0.08876050420168068 0.047619047619047616
4 0.453781512605042 0.7557997557997558 0.10031512605042017 0.02564102564102564
12 0.5493697478991597 0.7533577533577533 0.03571428571428571 0.02442002442002442
13 0.6302521008403361 0.7545787545787546 0.07457983193277311 0.028083028083028084
16 0.7324054621848739 0.753968253968254 0.07247899159663866 0.026862026862026864
5 0.7423844537815126 0.5317460317460317 0.01050420168067227 0.028083028083028084
13 0.27284663865546216 0.6605616605616605 0.06302521008403361 0.028083028083028084
2 0.9863445378151261 0.2905982905982906 0.0273109243697479 0.22466422466422467
5 0.7720588235294118 0.8644688644688645 0.01995798319327731 0.050061050061050064