3 0.496313025210084 0.03058608058608058 0.5782142857142858 0.06115995115995117
30 0.24532563025210086 0.02976800976800976 0.07423844537815122 0.04052503052503052
7 0.7773792016806723 0.029658119658119656 0.01448529411764702 0.03333333333333333
5 0.6776680672268908 0.13391941391941392 0.21230567226890756 0.05854700854700853
32 0.5000052521008403 0.2464713064713065 0.5396848739495798 0.08034188034188036
8 0.24247899159663866 0.24554334554334553 0.021643907563025228 0.026544566544566557
17 0.32656512605042015 0.25725274725274727 0.08899684873949583 0.04764346764346762
4 0.4539128151260504 0.24402930402930403 0.1001575630252101 0.02584859584859587
12 0.549327731092437 0.24670329670329672 0.03547268907563023 0.024224664224664193
13 0.6303151260504201 0.2454212454212454 0.07468487394957973 0.028632478632478617
16 0.7324632352941176 0.246007326007326 0.07237394957983202 0.027472527472527472
5 0.7423476890756303 0.4681074481074481 0.010299369747899226 0.028485958485958536
13 0.2727678571428572 0.33925518925518927 0.06325630252100843 0.028339438339438385
2 0.9863445378151261 0.7094017094017094 0.0273109243697479 0.22466422466422467
5 0.7720430672268908 0.13564102564102565 0.01984243697479002 0.04980463980463983