22 0.4997373949579832 0.5488176964149504 0.6491596638655462 0.6994660564454614
18 0.9829306722689075 0.967581998474447 0.025210084033613446 0.036613272311212815
31 0.7266281512605042 0.8466819221967964 0.06302521008403361 0.016018306636155607
26 0.23844537815126052 0.7719298245614035 0.014180672268907563 0.01906941266209001
28 0.3159138655462185 0.7715484363081617 0.014180672268907563 0.020594965675057208
29 0.38287815126050423 0.7719298245614035 0.01365546218487395 0.020594965675057208
33 0.30540966386554624 0.6983218916857361 0.14758403361344538 0.013729977116704805
19 0.27442226890756305 0.6346300533943554 0.08771008403361344 0.014492753623188406
23 0.27442226890756305 0.40045766590389015 0.0861344537815126 0.012204424103737605
21 0.25262605042016806 0.31960335621662855 0.0430672268907563 0.012204424103737605
20 0.2757352941176471 0.517162471395881 0.09086134453781512 0.018306636155606407