22 0.30934873949579833 0.49973808276584597 0.48266806722689076 0.6474594028287062
31 0.1053046218487395 0.27422734415924566 0.01365546218487395 0.06495547407019382
18 0.02022058823529412 0.0178103719224725 0.026785714285714284 0.02462022001047669
26 0.15625 0.7606076479832373 0.014180672268907563 0.013619696176008382
28 0.1559873949579832 0.6838658983761131 0.014705882352941176 0.014667365112624411
29 0.1559873949579832 0.6165531691985333 0.01365546218487395 0.014667365112624411
33 0.20719537815126052 0.6938187532739655 0.011029411764705883 0.1492928234677842
19 0.2510504201680672 0.7249869041382923 0.009978991596638655 0.08695652173913043
23 0.4120273109243697 0.7249869041382923 0.009978991596638655 0.08643268727082241
21 0.4684873949579832 0.746726034573075 0.008403361344537815 0.042954426401257205
11 0.8768382352941176 0.7577265584075432 0.011029411764705883 0.04033525405971713
20 0.33114495798319327 0.7231534834992143 0.008928571428571428 0.09009952854897853