22 0.5005829831932773 0.6773267866884888 0.6493487394957983 0.49819967266775766
31 0.7259611344537815 0.8900218221494817 0.06390231092436979 0.012847790507365075
18 0.9833613445378151 0.9761211129296236 0.02715861344537817 0.027910529187124854
33 0.30402310924369746 0.7828805237315876 0.14491596638655466 0.008761593016912384
26 0.23827205882352942 0.8364429896344789 0.014185924369747895 0.014735406437534217
28 0.3162920168067227 0.8364429896344789 0.013802521008403347 0.014735406437534217
29 0.38299894957983194 0.836644844517185 0.014569327731092442 0.015930169121658386
19 0.27545693277310923 0.7388761593016913 0.08626050420168067 0.01154937261320244
23 0.2735451680672269 0.5702236770321876 0.08242647058823532 0.009558101472995328
21 0.25169117647058825 0.512684124386252 0.040257352941176515 0.010752864157119495
20 0.2753361344537815 0.6537206764866339 0.09071953781512607 0.010272776868521509