3 0.4961607142857143 0.019549961861174674 0.5946271008403362 0.038802440884820745
30 0.23666491596638656 0.017276887871853545 0.07159138655462181 0.02691075514874142
7 0.7853781512605041 0.017200610221205188 0.012956932773109282 0.02235697940503432
5 0.6859033613445379 0.10555301296720061 0.21352415966386565 0.036003051106025925
9 0.7181197478991597 0.07446987032799389 0.050388655462184906 0.013508771929824567
14 0.7687394957983193 0.07388253241800152 0.041381302521008384 0.012334096109839807
32 0.4981827731092437 0.16925247902364607 0.5339443277310925 0.04725400457665903
8 0.2423266806722689 0.16916094584286806 0.02223739495798321 0.013394355453852024
17 0.3275840336134454 0.17584286803966437 0.09362394957983193 0.02822273073989321
4 0.4482878151260504 0.17517925247902363 0.09330357142857147 0.028367658276125092
12 0.5390598739495798 0.1698932112890923 0.033119747899159634 0.011929824561403499
13 0.6190546218487395 0.1697482837528604 0.06971638655462198 0.014569031273836783
11 0.6991071428571428 0.16930587337909994 0.03258928571428581 0.016628527841342496
5 0.7558928571428571 0.3152936689549962 0.010435924369747843 0.014820747520976316
2 0.9863445378151261 0.6815408085430968 0.0273109243697479 0.16857360793287568
12 0.23923844537815125 0.2638062547673532 0.06986344537815126 0.028649885583523986
12 0.2635609243697479 0.22568268497330282 0.037137605042016825 0.015186880244088458