3 0.8308823529411765 0.505720823798627 0.026785714285714284 0.8634630053394355
30 0.8324579831932774 0.8825324180015256 0.01838235294117647 0.10373760488176964
7 0.8324579831932774 0.08543096872616324 0.01523109243697479 0.01906941266209001
5 0.7715336134453782 0.2299771167048055 0.02468487394957983 0.3104500381388253
9 0.7930672268907563 0.18306636155606407 0.009453781512605041 0.07322654462242563
14 0.7933298319327731 0.10983981693363844 0.008403361344537815 0.060259344012204424
32 0.7276785714285714 0.5026697177726926 0.032563025210084036 0.7757437070938215
8 0.7276785714285714 0.8741418764302059 0.009453781512605041 0.032036613272311214
17 0.7232142857142857 0.7505720823798627 0.019432773109243698 0.13577421815408086
4 0.7237394957983193 0.5751334858886347 0.019432773109243698 0.13577421815408086
12 0.7274159663865546 0.4431731502669718 0.008403361344537815 0.04805491990846682
13 0.7274159663865546 0.32723112128146453 0.009978991596638655 0.10144927536231885
11 0.7276785714285714 0.21090770404271547 0.011554621848739496 0.04729214340198322
5 0.6271008403361344 0.12852784134248665 0.009978991596638655 0.015255530129672006
12 0.6625525210084033 0.8787185354691075 0.01995798319327731 0.10144927536231885
12 0.688813025210084 0.8432494279176201 0.01050420168067227 0.05415713196033562