3 0.9868697478991597 0.5044525929806182 0.026260504201680673 0.5940282870612886
30 0.9889705882352942 0.7634887375589314 0.01680672268907563 0.07386066003143006
7 0.9887079831932774 0.21581980094290204 0.016281512605042018 0.014143530644316397
5 0.929359243697479 0.3148245154531168 0.026260504201680673 0.21162912519643792
9 0.9508928571428571 0.2820848611838659 0.008928571428571428 0.04976427448926139
14 0.9503676470588235 0.23127291775798847 0.01050420168067227 0.04138292299633316
32 0.8849789915966386 0.5028810895756941 0.032563025210084036 0.535358826610791
8 0.8839285714285714 0.7572027239392352 0.009978991596638655 0.024096385542168676
17 0.8799894957983193 0.6731272917757989 0.017857142857142856 0.09271870089051859
4 0.8797268907563025 0.5515976951283394 0.01838235294117647 0.09429020429544265
12 0.8847163865546218 0.4596647459402829 0.009453781512605041 0.03614457831325301
13 0.8841911764705882 0.38135149292823467 0.009453781512605041 0.07019381875327396
11 0.884453781512605 0.3030382399161865 0.011029411764705883 0.03247773703509691
31 0.8167016806722689 0.7341540073336825 0.02153361344537815 0.11681508643268727
31 0.8458508403361344 0.7249869041382923 0.008403361344537815 0.05500261917234154
2 0.3445378151260504 0.014667365112624411 0.11607142857142858 0.02671555788370875
8 0.6924894957983193 0.7637506547930853 0.01050420168067227 0.02776322682032478
17 0.667016806722689 0.6681508643268728 0.013130252100840336 0.2210581456259822
4 0.6394432773109243 0.6820324777370351 0.011029411764705883 0.17024620220010478
16 0.5945378151260504 0.714248297537978 0.011029411764705883 0.08643268727082241
12 0.226890756302521 0.7564169722367732 0.01207983193277311 0.041906757464641176
13 0.19984243697478993 0.7317967522262965 0.01207983193277311 0.07019381875327396
19 0.02415966386554622 0.7145102147721321 0.014180672268907563 0.08695652173913043
5 0.928046218487395 0.2207962283918282 0.020483193277310924 0.01990570979570456