3 0.49546218487394955 0.01393399685699319 0.5954254201680672 0.026574122577265585
30 0.2357563025210084 0.012320586694604506 0.07384978991596633 0.01688318491356731
7 0.7848004201680672 0.012587742273441593 0.014159663865546238 0.016343635411210058
5 0.6857090336134454 0.07186485070717653 0.21234243697479002 0.026107909900471467
9 0.7184873949579832 0.05033525405971713 0.05002100840336123 0.008889470927187008
14 0.7693539915966386 0.05070717653221582 0.04159138655462188 0.010717653221581984
32 0.4970273109243697 0.11600314300680985 0.5369957983193278 0.03264536406495547
8 0.24212710084033612 0.11706128863279204 0.023954831932773115 0.009848088004190682
17 0.32636029411764705 0.12093766369827134 0.09305672268907567 0.017600838135149306
4 0.44817752100840336 0.12136720796228392 0.09476890756302524 0.018465165007857515
12 0.5404621848739496 0.1163593504452593 0.03633403361344529 0.009528548978522785
13 0.6189705882352942 0.11684651650078576 0.07023109243697469 0.009418543740178113
11 0.6973739495798319 0.11652173913043479 0.032636554621848675 0.010927187008905194
31 0.26527836134453775 0.1842221058145626 0.1171218487394958 0.021545311681508642
31 0.27446953781512606 0.15518072289156626 0.05515756302521008 0.00853326348873754
2 0.9866176470588235 0.6551440544787848 0.02676470588235296 0.11585123101100045
8 0.2355094537815126 0.3079151388161341 0.02762605042016808 0.010633839706652675
17 0.33145483193277314 0.3335096909376637 0.22145483193277304 0.013321110529072847
4 0.3173949579831933 0.3608119434258774 0.17088760504201686 0.010869565217391304
16 0.2851523109243697 0.4055893137768465 0.08659138655462191 0.011152435830277613
12 0.2429831932773109 0.7723991618648507 0.04188025210084034 0.012163436354111996
13 0.26746323529411764 0.7992771084337349 0.07034663865546222 0.01209009952854894
19 0.28488445378151256 0.9745206914614981 0.08744222689075631 0.014269250916710205
5 0.779984243697479 0.07303823991618649 0.020052521008403275 0.02062336301728654