22 0.5002783613445378 0.6901047668936615 0.649343487394958 0.48128339444735485
31 0.72625 0.8936144578313252 0.06486344537815127 0.013378732320586676
18 0.9833350840336135 0.9786066003143006 0.024889705882352873 0.02667888947092734
26 0.23857668067226892 0.8429701414353065 0.013728991596638648 0.013954950235725683
28 0.31572478991596636 0.8432320586694605 0.014894957983193225 0.014473546359350503
29 0.3830514705882353 0.8431691985332636 0.014753151260504159 0.01356207438449467
33 0.305656512605042 0.7919591409114719 0.14950105042016812 0.010817181770560312
19 0.2744590336134454 0.7484127815610266 0.08710609243697474 0.009931901519119978
23 0.27431722689075627 0.587841801990571 0.08682773109243694 0.009785227867993867
21 0.25271533613445374 0.5315243583027762 0.04291491596638657 0.008585646935568531
11 0.24169117647058824 0.12423782084861187 0.04066701680672266 0.011183865898376303
20 0.27616596638655466 0.6684651650078575 0.09017857142857146 0.00908328968046105