22 0.4997951680672269 0.5289968152866242 0.6478518907563026 0.724984076433121
18 0.9835871848739496 0.965796178343949 0.02652310924369748 0.04123407643312099
31 0.7264023109243697 0.8382722929936305 0.06256302521008397 0.017914012738853503
26 0.2382142857142857 0.7615445859872612 0.014516806722689068 0.022006369426751854
28 0.3160766806722689 0.761297770700637 0.01385504201680678 0.022507961783439837
29 0.3827258403361345 0.761297770700637 0.014516806722689127 0.02050955414012756
33 0.3035399159663866 0.6847770700636943 0.14517331932773114 0.01850318471337562
19 0.2730199579831933 0.6195063694267515 0.08413340336134456 0.01400477707006381
23 0.27285714285714285 0.37292993630573257 0.08248424369747896 0.012006369426751535
21 0.25157563025210083 0.2883996815286624 0.03992121848739495 0.012006369426751535
20 0.27594537815126047 0.49530254777070054 0.0911186974789916 0.014474522292993501