3 0.5044642857142857 0.01484593837535014 0.5955882352941176 0.02857142857142857
30 0.7633928571428571 0.013165266106442577 0.07247899159663866 0.020168067226890758
7 0.21481092436974789 0.01288515406162465 0.014705882352941176 0.01680672268907563
5 0.31407563025210083 0.07675070028011205 0.21323529411764705 0.028011204481792718
9 0.28125 0.05434173669467787 0.04936974789915966 0.009523809523809525
14 0.23109243697478993 0.054061624649859946 0.04096638655462185 0.011204481792717087
32 0.5036764705882353 0.12549019607843137 0.5330882352941176 0.03697478991596639
8 0.758140756302521 0.12408963585434174 0.02153361344537815 0.010084033613445379
17 0.6735819327731093 0.1296918767507003 0.0934873949579832 0.0196078431372549
4 0.5514705882352942 0.12997198879551822 0.0934873949579832 0.020168067226890758
12 0.45982142857142855 0.12492997198879552 0.03413865546218487 0.010084033613445379
13 0.3797268907563025 0.126890756302521 0.06985294117647059 0.014565826330532213
11 0.3017331932773109 0.12464985994397759 0.03203781512605042 0.009523809523809525
4 0.6830357142857143 0.16582633053221288 0.14180672268907563 0.010084033613445379
4 0.5614495798319328 0.16554621848739495 0.08455882352941177 0.008963585434173669
5 0.24396008403361344 0.23249299719887956 0.008928571428571428 0.010084033613445379
2 0.013392857142857142 0.6593837535014005 0.026785714285714284 0.12492997198879552