3 0.4960609243697479 0.019450800915331808 0.5945378151260504 0.038901601830663615
30 0.23660714285714285 0.017162471395881007 0.07142857142857142 0.02669717772692601
7 0.7854516806722689 0.017162471395881007 0.013130252100840336 0.02212051868802441
5 0.6859243697478992 0.10564454614797865 0.21376050420168066 0.03585049580472922
9 0.7182247899159664 0.07437070938215103 0.05042016806722689 0.013729977116704805
14 0.7686449579831933 0.07398932112890923 0.04149159663865546 0.012204424103737605
32 0.49816176470588236 0.16933638443935928 0.5341386554621849 0.04729214340198322
8 0.2423844537815126 0.16933638443935928 0.022058823529411766 0.013729977116704805
17 0.327468487394958 0.17581998474446986 0.0934873949579832 0.02822273073989321
4 0.4482668067226891 0.17505720823798626 0.0934873949579832 0.02822273073989321
12 0.5391281512605042 0.16971777269260108 0.03308823529411765 0.012204424103737605
13 0.6189600840336135 0.16971777269260108 0.06985294117647059 0.014492753623188406
11 0.6990546218487395 0.16933638443935928 0.032563025210084036 0.016781083142639208
5 0.7557773109243697 0.3154080854309687 0.01050420168067227 0.014492753623188406
2 0.9863445378151261 0.6815408085430968 0.0273109243697479 0.16857360793287568
12 0.23923319327731093 0.2639206712433257 0.06985294117647059 0.028985507246376812
12 0.26365546218487396 0.22578184591914569 0.037289915966386554 0.015255530129672006