22 0.4997794117647059 0.5487337909992372 0.6492752100840337 0.6995728451563691
18 0.9828361344537815 0.9676430205949657 0.025047268907563053 0.03678871090770371
31 0.7265021008403362 0.8466742944317314 0.06288340336134454 0.01575133485888607
26 0.23836659663865548 0.7719832189168575 0.014007352941176448 0.019336384439359547
28 0.3160136554621849 0.7716933638443937 0.014201680672268888 0.020709382151029472
29 0.3828571428571429 0.7719374523264685 0.013781512605042021 0.02022120518688041
33 0.3054464285714286 0.6984286803966436 0.14748424369747895 0.013874904652936384
19 0.2744642857142857 0.6348131197559114 0.08755252100840338 0.014500381388253408
23 0.27439600840336137 0.4005797101449276 0.08606092436974797 0.012303585049580556
21 0.2525577731092437 0.31950419527078555 0.04305672268907564 0.012448512585812482
20 0.2758193277310924 0.517162471395881 0.09092436974789922 0.01813882532418017