22 0.5002626050420168 0.47093949044585987 0.648109243697479 0.7253184713375797
18 0.016281512605042018 0.03423566878980892 0.026260504201680673 0.041401273885350316
31 0.27363445378151263 0.16162420382165604 0.0625 0.01751592356687898
26 0.7618172268907563 0.23845541401273884 0.014705882352941176 0.022292993630573247
28 0.6838235294117647 0.23885350318471338 0.01365546218487395 0.022292993630573247
29 0.6173844537815126 0.23885350318471338 0.014705882352941176 0.020700636942675158
33 0.6964285714285714 0.31528662420382164 0.14495798319327732 0.018312101910828025
19 0.726890756302521 0.38057324840764334 0.08403361344537816 0.014331210191082803
23 0.7271533613445378 0.6269904458598726 0.08245798319327731 0.01194267515923567
21 0.7484243697478992 0.7117834394904459 0.03991596638655462 0.01194267515923567
20 0.7240021008403361 0.5047770700636943 0.09086134453781512 0.014331210191082803