3 0.4965651260504202 0.013540643753409711 0.5949317226890757 0.027081287506819422
30 0.23613445378151263 0.01292416803055101 0.0740703781512605 0.019694489907255867
7 0.7854306722689076 0.012858701582105838 0.0136974789915966 0.014773595199127113
5 0.686202731092437 0.07563011456628478 0.21318802521008395 0.02570103655210039
9 0.7180829831932773 0.05289143480632842 0.04853991596638659 0.009885433715220951
14 0.7692384453781513 0.05289143480632842 0.042352941176470524 0.008897981451172942
2 0.9868382352941176 0.6584397163120568 0.02632352941176465 0.12062193126022908
5 0.25658613445378153 0.2753136933987998 0.09060924369747898 0.026933987997817724
4 0.3167962184873949 0.1225531914893617 0.14103991596638654 0.010671031096563012
16 0.2442594537815126 0.15233496999454446 0.07686974789915967 0.017861429350791058
5 0.28952205882352944 0.27656846699399895 0.010619747899159678 0.014184397163120567