3 0.4955724789915967 0.01488515406162465 0.5956460084033612 0.02838655462184874
30 0.23667542016806722 0.01304201680672269 0.072452731092437 0.020095238095238097
7 0.7851260504201681 0.012985994397759104 0.014816176470588254 0.016526610644257703
5 0.6860346638655462 0.07684033613445378 0.21299894957983204 0.027887955182072845
9 0.7186554621848739 0.054330532212885155 0.049275210084033697 0.00935574229691876
14 0.7690336134453781 0.05398319327731092 0.04095063025210074 0.010969187675070035
32 0.4962289915966387 0.1256190476190476 0.5332247899159663 0.03724929971988796
8 0.24175945378151262 0.12409523809523809 0.021738445378151252 0.010336134453781506
17 0.3265231092436975 0.12968067226890756 0.09362920168067226 0.0196078431372549
4 0.4486186974789916 0.1298655462184874 0.09369747899159668 0.019988795518207286
12 0.5400892857142857 0.12494677871148459 0.03430147058823527 0.010145658263305329
13 0.6203781512605042 0.12678991596638656 0.06971113445378152 0.014784313725490189
11 0.6982247899159664 0.1247563025210084 0.03188550420168069 0.009770308123249298
4 0.3169380252100841 0.16574229691876752 0.1419170168067227 0.010308123249299707
4 0.4386764705882353 0.16560224089635855 0.084469537815126 0.00908123249299722
5 0.7559191176470588 0.2324313725490196 0.008797268907563025 0.010173669467787097
2 0.9867279411764706 0.6595014005602241 0.026538865546218593 0.12518767507002804