3 0.5034138655462185 0.013638843426077468 0.595063025210084 0.027277686852154936
30 0.7639180672268907 0.01282051282051282 0.0740546218487395 0.019639934533551555
7 0.21454831932773108 0.01282051282051282 0.01365546218487395 0.014729950900163666
5 0.31381302521008403 0.07555919258046917 0.21323529411764705 0.02564102564102564
9 0.2820378151260504 0.05291871249318058 0.04831932773109244 0.009819967266775777
14 0.23082983193277312 0.05291871249318058 0.04254201680672269 0.00872885979268958
2 0.013130252100840336 0.6584833606110202 0.026260504201680673 0.12056737588652482
5 0.7434348739495799 0.2752318603382433 0.09086134453781512 0.02673213311511184
4 0.6832983193277311 0.12247681396617567 0.14128151260504201 0.010911074740861976
16 0.7557773109243697 0.15220949263502456 0.07668067226890757 0.01800327332242226
5 0.710609243697479 0.2765957446808511 0.01050420168067227 0.014184397163120567