3 0.4965861344537815 0.9863611565739225 0.595063025210084 0.027277686852154936
30 0.23608193277310924 0.9871794871794872 0.0740546218487395 0.019639934533551555
7 0.7854516806722689 0.9871794871794872 0.01365546218487395 0.014729950900163666
5 0.686186974789916 0.9244408074195308 0.21323529411764705 0.02564102564102564
9 0.7179621848739496 0.9470812875068194 0.04831932773109244 0.009819967266775777
14 0.7691701680672269 0.9470812875068194 0.04254201680672269 0.00872885979268958
2 0.9868697478991597 0.3415166393889798 0.026260504201680673 0.12056737588652482
5 0.25656512605042014 0.7247681396617567 0.09086134453781512 0.02673213311511184
4 0.3167016806722689 0.8775231860338243 0.14128151260504201 0.010911074740861976
16 0.24422268907563024 0.8477905073649754 0.07668067226890757 0.01800327332242226
5 0.28939075630252103 0.723404255319149 0.01050420168067227 0.014184397163120567