3 0.5042016806722689 0.9800955414012739 0.5940126050420168 0.03980891719745223
30 0.7626050420168067 0.9800955414012739 0.07352941176470588 0.028662420382165606
7 0.21481092436974789 0.981687898089172 0.013130252100840336 0.020700636942675158
5 0.31460084033613445 0.8897292993630573 0.21165966386554622 0.037420382165605094
9 0.2817752100840336 0.9231687898089171 0.04779411764705882 0.013535031847133758
14 0.23109243697478993 0.9231687898089171 0.04254201680672269 0.016719745222929936
32 0.5039390756302521 0.8236464968152867 0.5315126050420168 0.04856687898089172
8 0.7573529411764706 0.8232484076433121 0.02153361344537815 0.01194267515923567
17 0.6733193277310925 0.8164808917197452 0.09191176470588236 0.027070063694267517
4 0.5522584033613446 0.8164808917197452 0.09296218487394958 0.028662420382165606
12 0.45982142857142855 0.822452229299363 0.03623949579831933 0.01592356687898089
13 0.3807773109243697 0.8228503184713376 0.06880252100840337 0.013535031847133758
11 0.3012079831932773 0.8236464968152867 0.03308823529411765 0.015127388535031847
2 0.013392857142857142 0.3140923566878981 0.026785714285714284 0.1751592356687898
13 0.7234768907563025 0.7635350318471338 0.059873949579831935 0.018312101910828025
5 0.24396008403361344 0.67078025477707 0.009978991596638655 0.018312101910828025