22 0.4997373949579832 0.30984808800419067 0.6491596638655462 0.4814038763750655
31 0.27363445378151263 0.10633839706652698 0.06512605042016807 0.013619696176008382
18 0.016544117647058824 0.021477213200628602 0.02468487394957983 0.02671555788370875
26 0.7615546218487395 0.1571503404924044 0.01365546218487395 0.014143530644316397
28 0.6843487394957983 0.1568884232582504 0.014705882352941176 0.014667365112624411
29 0.616859243697479 0.1568884232582504 0.014705882352941176 0.013619696176008382
33 0.694327731092437 0.2079622839182818 0.14968487394957983 0.011000523834468309
19 0.725577731092437 0.25170246202200103 0.08718487394957983 0.00995285489785228
23 0.725577731092437 0.41225772655840753 0.08665966386554622 0.00995285489785228
21 0.7473739495798319 0.46856993190151913 0.0430672268907563 0.008381351492928235
11 0.7584033613445378 0.8758512310110005 0.04044117647058824 0.011000523834468309
20 0.7237394957983193 0.33158721843897326 0.09033613445378151 0.00890518596123625