22 0.4994747899159664 0.6773049645390071 0.6491596638655462 0.4980905619203492
31 0.27415966386554624 0.8900709219858156 0.06407563025210083 0.01309328968903437
18 0.016544117647058824 0.9759956355701036 0.0273109243697479 0.027823240589198037
33 0.6959033613445378 0.7828696126568467 0.14495798319327732 0.00872885979268958
26 0.7618172268907563 0.8363338788870703 0.014180672268907563 0.014729950900163666
28 0.6838235294117647 0.8363338788870703 0.01365546218487395 0.014729950900163666
29 0.6171218487394958 0.8366066557555919 0.014705882352941176 0.015821058374249863
19 0.7245273109243697 0.7389525368248773 0.0861344537815126 0.011456628477905073
23 0.7263655462184874 0.5701036552100381 0.08245798319327731 0.009819967266775777
21 0.7484243697478992 0.5128205128205128 0.04044117647058824 0.010911074740861976
20 0.7247899159663865 0.6538461538461539 0.09086134453781512 0.010365521003818877