3 0.18329831932773108 0.5063694267515924 0.026260504201680673 0.9004777070063694
30 0.18329831932773108 0.8980891719745223 0.018907563025210083 0.11146496815286625
7 0.18224789915966386 0.06767515923566879 0.01365546218487395 0.019904458598726114
5 0.24290966386554622 0.21894904458598727 0.02468487394957983 0.320859872611465
9 0.22085084033613445 0.16918789808917198 0.008928571428571428 0.07245222929936306
14 0.22085084033613445 0.09235668789808917 0.011029411764705883 0.06449044585987261
32 0.2865021008403361 0.5059713375796179 0.03203781512605042 0.8057324840764332
8 0.2867647058823529 0.8901273885350318 0.007878151260504201 0.03264331210191083
17 0.2912289915966387 0.7627388535031847 0.017857142857142856 0.1393312101910828
4 0.2912289915966387 0.57921974522293 0.018907563025210083 0.1409235668789809
12 0.28728991596638653 0.4390923566878981 0.01050420168067227 0.05493630573248408
13 0.2870273109243697 0.3192675159235669 0.008928571428571428 0.10429936305732485
11 0.2865021008403361 0.19864649681528662 0.009978991596638655 0.05015923566878981
13 0.32615546218487396 0.8387738853503185 0.01207983193277311 0.09076433121019108
5 0.3873424369747899 0.11186305732484077 0.01207983193277311 0.015127388535031847