3 0.49569327731092433 0.020007961783439488 0.5940651260504202 0.04000796178343949
30 0.2372899159663866 0.020007961783439488 0.0734191176470588 0.02836783439490446
7 0.7852836134453782 0.018184713375796177 0.012956932773109282 0.020366242038216558
5 0.6854779411764707 0.11020700636942674 0.21161764705882358 0.0371019108280255
9 0.7183455882352942 0.07674363057324841 0.047983193277310994 0.013821656050955403
14 0.7689705882352941 0.07674363057324841 0.04270483193277308 0.01672770700636942
32 0.496171218487395 0.17628980891719745 0.5316806722689077 0.048582802547770684
8 0.24256827731092437 0.17676751592356688 0.021591386554621856 0.011640127388535036
17 0.326780462184874 0.1836783439490446 0.09213235294117651 0.026910828025477715
4 0.4477048319327731 0.1836783439490446 0.09309348739495799 0.028367834394904454
12 0.540078781512605 0.1774920382165605 0.035987394957983185 0.016003184713375813
13 0.6192542016806722 0.17712579617834395 0.06861869747899164 0.013821656050955426
11 0.6989128151260504 0.17640127388535032 0.033109243697478974 0.015278662420382163
2 0.9865861344537815 0.6859952229299363 0.026827731092436937 0.17492038216560513
13 0.2766439075630252 0.2365764331210191 0.059695378151260546 0.018431528662420364
5 0.7560924369747899 0.3294108280254777 0.009968487394957993 0.018375796178343982