3 0.5044642857142857 0.9861183865898376 0.5955882352941176 0.02671555788370875
30 0.7641806722689075 0.9876898899947617 0.0740546218487395 0.01676270298585647
7 0.21507352941176472 0.9874279727606077 0.014180672268907563 0.016238868517548456
5 0.31433823529411764 0.928234677841802 0.21218487394957983 0.026191723415400735
9 0.2815126050420168 0.9497118910424306 0.04989495798319328 0.00890518596123625
14 0.23056722689075632 0.9491880565741225 0.04149159663865546 0.010476689366160294
32 0.5028886554621849 0.8839706652697747 0.5367647058823529 0.03247773703509691
8 0.7578781512605042 0.8829229963331587 0.02415966386554622 0.00995285489785228
17 0.6735819327731093 0.8789942378208486 0.09296218487394958 0.0178103719224725
4 0.551733193277311 0.8787323205866946 0.09453781512605042 0.018334206390780514
12 0.45955882352941174 0.8837087480356207 0.03623949579831933 0.009429020429544265
13 0.38103991596638653 0.8831849135673128 0.0703781512605042 0.009429020429544265
11 0.3025210084033613 0.8834468308014667 0.032563025210084036 0.011000523834468309
31 0.7347689075630253 0.8158721843897329 0.1171218487394958 0.021477213200628602
31 0.725577731092437 0.8449449973808276 0.05514705882352941 0.008381351492928235
2 0.013392857142857142 0.3449449973808277 0.026785714285714284 0.11576741749607124
8 0.7644432773109243 0.6919853326348874 0.027836134453781514 0.010476689366160294
17 0.6685924369747899 0.6665793609219487 0.22163865546218486 0.013095861707700367
4 0.6825105042016807 0.6390780513357779 0.17069327731092437 0.011000523834468309
16 0.7148109243697479 0.5942902042954427 0.08665966386554622 0.011000523834468309
12 0.7570903361344538 0.2276060764798324 0.04201680672268908 0.012048192771084338
13 0.7326680672268907 0.2006286013619696 0.0703781512605042 0.012048192771084338
19 0.7150735294117647 0.02540597171293871 0.08718487394957983 0.014143530644316397
5 0.22006302521008403 0.926925091671032 0.01995798319327731 0.020429544264012573