22 0.5007878151260504 0.6697478991596638 0.6486344537815126 0.5109243697478991
18 0.017331932773109245 0.976750700280112 0.026785714285714284 0.028011204481792718
26 0.7615546218487395 0.8330532212885154 0.01365546218487395 0.015126050420168067
28 0.6838235294117647 0.8324929971988796 0.01365546218487395 0.015126050420168067
29 0.6171218487394958 0.8324929971988796 0.01365546218487395 0.015126050420168067
33 0.6948529411764706 0.7787114845938375 0.14705882352941177 0.010084033613445379
31 0.27494747899159666 0.8879551820728291 0.06460084033613446 0.014005602240896359
21 0.7476365546218487 0.5 0.0430672268907563 0.010644257703081233
23 0.7258403361344538 0.5591036414565826 0.08718487394957983 0.010084033613445379
19 0.725577731092437 0.7322128851540616 0.08718487394957983 0.012324929971988795
20 0.7242647058823529 0.646218487394958 0.09138655462184873 0.011204481792717087