3 0.9548319327731093 0.5047619047619047 0.026785714285714284 0.6352941176470588
30 0.9564075630252101 0.780952380952381 0.018907563025210083 0.0773109243697479
7 0.9566701680672269 0.1957983193277311 0.015756302521008403 0.01568627450980392
5 0.896796218487395 0.30168067226890755 0.026260504201680673 0.22745098039215686
9 0.9178046218487395 0.26666666666666666 0.008928571428571428 0.05266106442577031
14 0.9180672268907563 0.21316526610644257 0.01050420168067227 0.043697478991596636
32 0.8511029411764706 0.503921568627451 0.03466386554621849 0.5686274509803921
8 0.8524159663865546 0.7753501400560224 0.009453781512605041 0.02296918767507003
17 0.8471638655462185 0.6851540616246499 0.01838235294117647 0.09971988795518208
4 0.8469012605042017 0.5549019607843138 0.018907563025210083 0.09971988795518208
12 0.8516281512605042 0.45714285714285713 0.009453781512605041 0.036414565826330535
13 0.8497899159663865 0.37170868347338937 0.01365546218487395 0.07450980392156863
11 0.851890756302521 0.28851540616246496 0.008928571428571428 0.03417366946778711
4 0.8132878151260504 0.6952380952380952 0.009453781512605041 0.15126050420168066
4 0.8135504201680672 0.565546218487395 0.008403361344537815 0.09019607843137255
5 0.7507878151260504 0.226890756302521 0.009453781512605041 0.009523809523809525