22 0.49933298319327735 0.6697310924369747 0.6488497899159663 0.5110812324929971
18 0.9827836134453781 0.9767114845938375 0.02660714285714278 0.027943977591036475
26 0.23835084033613446 0.8329355742296919 0.013881302521008377 0.015014005602240999
28 0.31622899159663864 0.8325602240896358 0.013560924369747866 0.015098039215686173
29 0.3828046218487395 0.8325602240896358 0.013665966386554613 0.015098039215686173
33 0.3052415966386554 0.778655462184874 0.14726365546218492 0.010084033613445379
31 0.7250315126050421 0.88793837535014 0.06462184873949578 0.013893557422969289
21 0.2523686974789916 0.4999551820728292 0.04329306722689079 0.01050980392156875
23 0.2741911764705882 0.5591596638655462 0.08693802521008402 0.009882352941176654
19 0.27435399159663865 0.7322408963585435 0.08726890756302526 0.012151260504201457
20 0.27575105042016806 0.6463473389355743 0.09125000000000001 0.011450980392156638