5 0.761384335154827 0.04105571847507331 0.2641165755919854 0.015640273704789834
9 0.8633879781420765 0.02541544477028348 0.056466302367941715 0.006842619745845552
3 0.5009107468123861 0.008797653958944282 0.7905282331511839 0.017595307917888565
32 0.4918032786885246 0.059628543499511244 0.7522768670309654 0.01857282502443793
1 0.5 0.13147605083088953 1 0.11827956989247312
8 0.13479052823315119 0.06256109481915934 0.03825136612021858 0.005865102639296188
17 0.24772313296903462 0.06256109481915934 0.1092896174863388 0.010752688172043012
4 0.3770491803278688 0.06256109481915934 0.10382513661202186 0.010752688172043012
12 0.4808743169398907 0.06256109481915934 0.051001821493624776 0.005865102639296188
11 0.6065573770491803 0.06256109481915934 0.03825136612021858 0.004887585532746823
10 0.7486338797814208 0.06256109481915934 0.061930783242258654 0.004887585532746823
2 0.9872495446265938 0.12316715542521994 0.025500910746812388 0.05180840664711633
16 0.3460837887067395 0.32160312805474095 0.06557377049180328 0.01270772238514174
30 0.15300546448087432 0.007820136852394917 0.09289617486338798 0.009775171065493646
5 0.8743169398907104 0.04105571847507331 0.02185792349726776 0.011730205278592375
12 0.5591985428051002 0.4633431085043988 0.051001821493624776 0.004887585532746823
12 0.23679417122040072 0.6177908113391984 0.052823315118397086 0.005865102639296188
12 0.5646630236794171 0.793743890518084 0.051001821493624776 0.005865102639296188
12 0.23497267759562843 0.8475073313782991 0.051001821493624776 0.005865102639296188