3 0.4990892531876138 0.9912023460410557 0.7905282331511839 0.017595307917888565
5 0.23861566484517305 0.9589442815249267 0.2659380692167577 0.013685239491691105
9 0.1366120218579235 0.9745845552297165 0.060109289617486336 0.004887585532746823
32 0.5100182149362478 0.9393939393939394 0.7504553734061931 0.019550342130987292
1 0.5 0.8690127077223851 1 0.11925708699902249
8 0.8670309653916212 0.9374389051808406 0.0273224043715847 0.004887585532746823
17 0.7522768670309654 0.9374389051808406 0.11293260473588343 0.01270772238514174
4 0.6229508196721312 0.9384164222873901 0.10746812386156648 0.011730205278592375
12 0.5191256830601093 0.9374389051808406 0.051001821493624776 0.006842619745845552
11 0.39344262295081966 0.9374389051808406 0.04007285974499089 0.006842619745845552
10 0.25136612021857924 0.9374389051808406 0.06375227686703097 0.006842619745845552
2 0.012750455373406194 0.8768328445747801 0.025500910746812388 0.05278592375366569
16 0.6575591985428051 0.678396871945259 0.07285974499089254 0.01270772238514174
12 0.4408014571948998 0.5366568914956011 0.052823315118397086 0.006842619745845552
12 0.7632058287795993 0.38220918866080156 0.0546448087431694 0.007820136852394917
12 0.4353369763205829 0.20625610948191594 0.052823315118397086 0.007820136852394917
12 0.7650273224043715 0.15249266862170088 0.052823315118397086 0.005865102639296188
30 0.8469945355191257 0.9912023460410557 0.09289617486338798 0.010752688172043012