0 0.4990892531876138 0.6265884652981427 0.5664845173041895 0.05865102639296188
25 0.12932604735883424 0.9843597262952102 0.04007285974499089 0.020527859237536656
30 0.2495446265938069 0.9843597262952102 0.12021857923497267 0.015640273704789834
22 0.5009107468123861 0.8152492668621701 0.7887067395264117 0.2785923753665689
31 0.51183970856102 0.9354838709677419 0.060109289617486336 0.004887585532746823
17 0.4426229508196721 0.9345063538611925 0.061930783242258654 0.005865102639296188
34 0.3843351548269581 0.9354838709677419 0.03642987249544627 0.005865102639296188
23 0.1912568306010929 0.8973607038123167 0.08561020036429873 0.0039100684261974585
21 0.16939890710382513 0.8905180840664711 0.04371584699453552 0.004887585532746823
23 0.1912568306010929 0.8670576735092864 0.08743169398907104 0.004887585532746823
21 0.16939890710382513 0.8592375366568915 0.04553734061930783 0.005865102639296188
23 0.1912568306010929 0.8357771260997068 0.08561020036429873 0.0039100684261974585
21 0.16939890710382513 0.8279569892473119 0.04371584699453552 0.0039100684261974585
29 0.15664845173041894 0.8005865102639296 0.018214936247723135 0.009775171065493646
26 0.15664845173041894 0.7849462365591398 0.018214936247723135 0.009775171065493646
28 0.5081967213114754 0.7839687194525904 0.018214936247723135 0.010752688172043012
27 0.5081967213114754 0.8005865102639296 0.018214936247723135 0.010752688172043012
33 0.2222222222222222 0.7390029325513197 0.1493624772313297 0.006842619745845552
19 0.1912568306010929 0.7311827956989247 0.08743169398907104 0.005865102639296188
23 0.1912568306010929 0.7155425219941349 0.08561020036429873 0.005865102639296188
21 0.16939890710382513 0.70772238514174 0.04371584699453552 0.004887585532746823
12 0.5573770491803278 0.05767350928641251 0.052823315118397086 0.005865102639296188
12 0.23497267759562843 0.11827956989247312 0.051001821493624776 0.005865102639296188