5 0.23861566484517305 0.9589442815249267 0.2641165755919854 0.015640273704789834
9 0.1366120218579235 0.9745845552297165 0.056466302367941715 0.006842619745845552
3 0.4990892531876138 0.9912023460410557 0.7905282331511839 0.017595307917888565
32 0.5081967213114754 0.9403714565004888 0.7522768670309654 0.01857282502443793
1 0.5 0.8685239491691105 1 0.11827956989247312
8 0.8652094717668488 0.9374389051808406 0.03825136612021858 0.005865102639296188
17 0.7522768670309654 0.9374389051808406 0.1092896174863388 0.010752688172043012
4 0.6229508196721312 0.9374389051808406 0.10382513661202186 0.010752688172043012
12 0.5191256830601093 0.9374389051808406 0.051001821493624776 0.005865102639296188
11 0.39344262295081966 0.9374389051808406 0.03825136612021858 0.004887585532746823
10 0.25136612021857924 0.9374389051808406 0.061930783242258654 0.004887585532746823
2 0.012750455373406194 0.8768328445747801 0.025500910746812388 0.05180840664711633
16 0.6539162112932605 0.678396871945259 0.06557377049180328 0.01270772238514174
30 0.8469945355191257 0.9921798631476051 0.09289617486338798 0.009775171065493646
5 0.12568306010928962 0.9589442815249267 0.02185792349726776 0.011730205278592375
12 0.4408014571948998 0.5366568914956011 0.051001821493624776 0.004887585532746823
12 0.7632058287795993 0.38220918866080156 0.052823315118397086 0.005865102639296188
12 0.4353369763205829 0.20625610948191594 0.051001821493624776 0.005865102639296188
12 0.7650273224043715 0.15249266862170088 0.051001821493624776 0.005865102639296188