12 0.4408014571948998 0.9433040078201369 0.051001821493624776 0.004887585532746823
12 0.7632058287795993 0.8807429130009775 0.0546448087431694 0.005865102639296188
0 0.4990892531876138 0.3734115347018573 0.5683060109289617 0.059628543499511244
22 0.5009107468123861 0.18377321603128055 0.7887067395264117 0.2785923753665689
25 0.8706739526411658 0.01466275659824047 0.04007285974499089 0.022482893450635387
18 0.01639344262295082 0.011730205278592375 0.018214936247723135 0.010752688172043012
31 0.48816029143898 0.06451612903225806 0.061930783242258654 0.006842619745845552
17 0.5573770491803278 0.06451612903225806 0.06375227686703097 0.005865102639296188
34 0.6138433515482696 0.06451612903225806 0.04189435336976321 0.006842619745845552
26 0.843351548269581 0.21505376344086022 0.018214936247723135 0.010752688172043012
29 0.843351548269581 0.19941348973607037 0.018214936247723135 0.008797653958944282
28 0.4918032786885246 0.21505376344086022 0.018214936247723135 0.009775171065493646
27 0.4918032786885246 0.19941348973607037 0.018214936247723135 0.009775171065493646
33 0.7777777777777778 0.26099706744868034 0.14754098360655737 0.005865102639296188
19 0.8087431693989071 0.26881720430107525 0.08743169398907104 0.004887585532746823
23 0.8087431693989071 0.2844574780058651 0.08743169398907104 0.006842619745845552
21 0.8306010928961749 0.29227761485826004 0.04371584699453552 0.005865102639296188
23 0.8069216757741348 0.10166177908113393 0.08743169398907104 0.004887585532746823
21 0.8306010928961749 0.1104594330400782 0.04553734061930783 0.004887585532746823
23 0.8087431693989071 0.16422287390029325 0.08743169398907104 0.004887585532746823
21 0.8306010928961749 0.17204301075268819 0.04371584699453552 0.004887585532746823
30 0.7504553734061931 0.015640273704789834 0.11293260473588343 0.01270772238514174