3 0.5 0.0107421875 0.7236024844720497 0.0205078125
30 0.17701863354037267 0.009765625 0.07608695652173914 0.0107421875
7 0.8493788819875776 0.009765625 0.017080745341614908 0.0126953125
5 0.7313664596273292 0.0419921875 0.2608695652173913 0.0185546875
9 0.8307453416149069 0.03125 0.05745341614906832 0.005859375
32 0.5 0.07421875 0.7158385093167702 0.0234375
1 0.4953416149068323 0.1806640625 0.9891304347826086 0.177734375
8 0.15683229813664595 0.078125 0.027950310559006212 0.0048828125
17 0.281055900621118 0.078125 0.20652173913043478 0.0078125
4 0.4782608695652174 0.078125 0.16459627329192547 0.0078125
12 0.5916149068322981 0.078125 0.04192546583850932 0.0068359375
6 0.6630434782608695 0.078125 0.08540372670807453 0.0078125
16 0.7639751552795031 0.0771484375 0.09782608695652174 0.0087890625
2 0.9829192546583851 0.099609375 0.034161490683229816 0.068359375
11 0.44565217391304346 0.4716796875 0.09472049689440994 0.017578125
16 0.5 0.7763671875 0.3027950310559006 0.0146484375