3 0.5 0.0107421875 0.7251552795031055 0.0205078125
5 0.7298136645962733 0.04296875 0.26242236024844723 0.017578125
9 0.8322981366459627 0.0302734375 0.05745341614906832 0.0068359375
32 0.4984472049689441 0.0732421875 0.7127329192546584 0.0244140625
1 0.5 0.1787109375 1 0.1767578125
8 0.15683229813664595 0.078125 0.027950310559006212 0.0087890625
17 0.281055900621118 0.078125 0.2080745341614907 0.0087890625
4 0.4767080745341615 0.078125 0.16614906832298137 0.0087890625
12 0.593167701863354 0.078125 0.040372670807453416 0.0078125
6 0.6630434782608695 0.078125 0.08540372670807453 0.0078125
16 0.765527950310559 0.078125 0.09627329192546584 0.0078125
2 0.9829192546583851 0.1005859375 0.03260869565217391 0.0673828125
7 0.8493788819875776 0.009765625 0.017080745341614908 0.01171875
30 0.17701863354037267 0.0087890625 0.07298136645962733 0.01171875
11 0.4472049689440994 0.4716796875 0.09006211180124224 0.015625
16 0.4984472049689441 0.77734375 0.30434782608695654 0.0166015625