22 0.5015527950310559 0.8505859375 0.7484472049689441 0.212890625
25 0.15062111801242237 0.9892578125 0.026397515527950312 0.017578125
26 0.17080745341614906 0.9072265625 0.024844720496894408 0.0166015625
29 0.2732919254658385 0.9072265625 0.023291925465838508 0.0166015625
28 0.36801242236024845 0.90625 0.024844720496894408 0.0146484375
34 0.17701863354037267 0.9296875 0.04192546583850932 0.0087890625
31 0.45652173913043476 0.9296875 0.06987577639751552 0.0078125
17 0.2748447204968944 0.9296875 0.15062111801242237 0.0087890625
33 0.2391304347826087 0.86328125 0.17080745341614906 0.0068359375
19 0.20341614906832298 0.853515625 0.10093167701863354 0.0068359375
23 0.20186335403726707 0.826171875 0.10093167701863354 0.0068359375
21 0.17701863354037267 0.8076171875 0.052795031055900624 0.0087890625
30 0.2360248447204969 0.990234375 0.07298136645962733 0.009765625
0 0.5124223602484472 0.6923828125 0.7236024844720497 0.07421875