5 0.2686335403726708 0.04296875 0.2670807453416149 0.0185546875
9 0.16925465838509315 0.03125 0.059006211180124224 0.0087890625
32 0.5015527950310559 0.076171875 0.7142857142857143 0.02734375
1 0.5 0.1796875 1 0.177734375
6 0.33540372670807456 0.078125 0.08229813664596274 0.0078125
16 0.234472049689441 0.078125 0.09937888198757763 0.0087890625
5 0.15062111801242237 0.04296875 0.021739130434782608 0.013671875
2 0.016304347826086956 0.10009765625 0.03260869565217391 0.0673828125
3 0.5 0.009765625 0.7236024844720497 0.0185546875
7 0.14906832298136646 0.009765625 0.017080745341614908 0.01171875
8 0.843167701863354 0.078125 0.026397515527950312 0.0068359375
17 0.718944099378882 0.0771484375 0.2080745341614907 0.0087890625
4 0.5232919254658385 0.078125 0.16614906832298137 0.0078125
12 0.4083850931677019 0.078125 0.04192546583850932 0.0078125
11 0.5527950310559007 0.470703125 0.09161490683229814 0.0146484375
16 0.5 0.77734375 0.30434782608695654 0.015625
30 0.8229813664596274 0.009765625 0.07142857142857142 0.01171875