3 0.5 0.9892578125 0.7251552795031055 0.0205078125
5 0.2701863354037267 0.95703125 0.26242236024844723 0.017578125
9 0.16770186335403728 0.9697265625 0.05745341614906832 0.0068359375
32 0.5015527950310559 0.9267578125 0.7127329192546584 0.0244140625
1 0.5 0.8212890625 1 0.1767578125
8 0.843167701863354 0.921875 0.027950310559006212 0.0087890625
17 0.718944099378882 0.921875 0.2080745341614907 0.0087890625
4 0.5232919254658385 0.921875 0.16614906832298137 0.0087890625
12 0.40683229813664595 0.921875 0.040372670807453416 0.0078125
6 0.33695652173913043 0.921875 0.08540372670807453 0.0078125
16 0.234472049689441 0.921875 0.09627329192546584 0.0078125
2 0.017080745341614908 0.8994140625 0.03260869565217391 0.0673828125
7 0.15062111801242237 0.990234375 0.017080745341614908 0.01171875
30 0.8229813664596274 0.9912109375 0.07298136645962733 0.01171875
11 0.5527950310559007 0.5283203125 0.09006211180124224 0.015625
16 0.5015527950310559 0.22265625 0.30434782608695654 0.0166015625