5 0.7298136645962733 0.04296875 0.2608695652173913 0.017578125
9 0.8307453416149069 0.0302734375 0.05745341614906832 0.0068359375
5 0.8493788819875776 0.04296875 0.020186335403726708 0.0146484375
1 0.4953416149068323 0.1796875 0.9906832298136646 0.177734375
32 0.4984472049689441 0.0751953125 0.7127329192546584 0.0263671875
6 0.6645962732919255 0.078125 0.08385093167701864 0.0087890625
2 0.9829192546583851 0.1005859375 0.03260869565217391 0.06640625
3 0.5 0.0107421875 0.7251552795031055 0.0205078125
7 0.8493788819875776 0.009765625 0.017080745341614908 0.0107421875
8 0.15838509316770186 0.078125 0.027950310559006212 0.0048828125
17 0.2826086956521739 0.0771484375 0.2080745341614907 0.0078125
4 0.4767080745341615 0.078125 0.16614906832298137 0.0068359375
12 0.593167701863354 0.078125 0.040372670807453416 0.0068359375
16 0.7639751552795031 0.078125 0.09627329192546584 0.009765625
11 0.44565217391304346 0.4716796875 0.09316770186335403 0.0126953125
16 0.5 0.77734375 0.3090062111801242 0.017578125
30 0.17701863354037267 0.009765625 0.07453416149068323 0.01171875