0 0.4906832298136646 0.6923828125 0.7236024844720497 0.068359375
22 0.5 0.8505859375 0.7531055900621118 0.2109375
25 0.8493788819875776 0.990234375 0.027950310559006212 0.0185546875
34 0.8245341614906833 0.9296875 0.043478260869565216 0.0078125
31 0.5434782608695652 0.9306640625 0.06832298136645963 0.0078125
26 0.8307453416149069 0.90625 0.024844720496894408 0.015625
29 0.7267080745341615 0.9072265625 0.024844720496894408 0.015625
28 0.6319875776397516 0.9072265625 0.023291925465838508 0.015625
33 0.7624223602484472 0.86328125 0.17080745341614906 0.0078125
19 0.7981366459627329 0.853515625 0.10093167701863354 0.0068359375
21 0.8229813664596274 0.8076171875 0.049689440993788817 0.0068359375
23 0.7981366459627329 0.826171875 0.09937888198757763 0.005859375
26 0.2375776397515528 0.439453125 0.017080745341614908 0.0107421875
30 0.7639751552795031 0.990234375 0.07298136645962733 0.0107421875