0 0.5093167701863354 0.6953125 0.7251552795031055 0.0712890625
22 0.5 0.8505859375 0.75 0.2099609375
31 0.4580745341614907 0.9296875 0.06832298136645963 0.0087890625
34 0.17546583850931677 0.9296875 0.043478260869565216 0.0087890625
26 0.16925465838509315 0.9072265625 0.026397515527950312 0.0166015625
29 0.2732919254658385 0.9072265625 0.024844720496894408 0.0166015625
28 0.36801242236024845 0.9072265625 0.024844720496894408 0.015625
33 0.2375776397515528 0.86328125 0.17236024844720496 0.0078125
19 0.20186335403726707 0.853515625 0.10093167701863354 0.0068359375
21 0.17701863354037267 0.806640625 0.05124223602484472 0.0068359375
23 0.20186335403726707 0.826171875 0.10093167701863354 0.0068359375
25 0.15062111801242237 0.9892578125 0.026397515527950312 0.017578125
30 0.234472049689441 0.990234375 0.07142857142857142 0.01171875