0 0.5093167701863354 0.6923828125 0.7236024844720497 0.0703125
25 0.15062111801242237 0.9892578125 0.026397515527950312 0.0166015625
22 0.5 0.8505859375 0.7468944099378882 0.2080078125
34 0.17546583850931677 0.9296875 0.04192546583850932 0.0068359375
31 0.45652173913043476 0.9296875 0.06987577639751552 0.0087890625
26 0.16925465838509315 0.9072265625 0.027950310559006212 0.017578125
29 0.2732919254658385 0.90625 0.024844720496894408 0.0166015625
28 0.36645962732919257 0.9072265625 0.027950310559006212 0.0185546875
33 0.2375776397515528 0.86328125 0.17080745341614906 0.0078125
19 0.20186335403726707 0.853515625 0.10093167701863354 0.0068359375
23 0.20186335403726707 0.8251953125 0.10248447204968944 0.0078125
21 0.17701863354037267 0.8076171875 0.05124223602484472 0.0078125
30 0.234472049689441 0.990234375 0.07453416149068323 0.009765625