3 0.4960609243697479 0.021030042918454936 0.5945378151260504 0.04206008583690987
30 0.23608193277310924 0.02017167381974249 0.0740546218487395 0.029184549356223177
7 0.7849264705882353 0.020600858369098713 0.014180672268907563 0.024892703862660945
5 0.6864495798319328 0.13304721030042918 0.21271008403361344 0.04291845493562232
9 0.7654936974789915 0.09742489270386266 0.04936974789915966 0.017167381974248927
32 0.4997373949579832 0.21630901287553647 0.5236344537815126 0.05236051502145923
8 0.2497373949579832 0.21759656652360515 0.022584033613445378 0.014592274678111588
17 0.34164915966386555 0.22489270386266094 0.09296218487394958 0.03261802575107296
4 0.47085084033613445 0.22360515021459226 0.09243697478991597 0.030042918454935622
12 0.570640756302521 0.21759656652360515 0.03361344537815126 0.018025751072961373
12 0.2505252100840336 0.3373390557939914 0.09033613445378151 0.03261802575107296
12 0.27468487394957986 0.2939914163090129 0.038865546218487396 0.015450643776824034
8 0.22925420168067226 0.2944206008583691 0.02468487394957983 0.01630901287553648
2 0.9863445378151261 0.6605150214592275 0.0273109243697479 0.12875536480686695
5 0.7155987394957983 0.3969957081545064 0.011029411764705883 0.0240343347639485