3 0.4959296218487395 0.02117596566523605 0.5945430672268909 0.0423519313304721
30 0.23608718487394958 0.020000000000000004 0.07389705882352944 0.029012875536480683
7 0.785047268907563 0.0203862660944206 0.014396008403361268 0.025098712446351926
5 0.6864338235294117 0.13292703862660946 0.21257878151260504 0.04313304721030043
9 0.765609243697479 0.09724463519313305 0.049427521008403426 0.017253218884120167
32 0.49976890756302517 0.21615450643776823 0.5235241596638656 0.05235193133047211
8 0.24976365546218487 0.2176309012875536 0.02255252100840333 0.01490128755364808
17 0.3416596638655462 0.22508154506437772 0.09309348739495799 0.03293562231759657
4 0.4709768907563025 0.2235107296137339 0.09261029411764703 0.02980257510729616
12 0.5705514705882353 0.21763090128755366 0.03359243697478993 0.01803433476394849
12 0.25065126050420167 0.33734763948497853 0.09048844537815125 0.03228326180257512
12 0.2747163865546218 0.2940944206008584 0.03887079831932773 0.01568240343347638
8 0.22913340336134452 0.29448068669527894 0.0244747899159664 0.01647210300429189
2 0.9864443277310925 0.6604635193133047 0.02711134453781507 0.12902145922746777
5 0.7156880252100841 0.3970815450643777 0.011271008403361364 0.024128755364806877