0 0.5 0.3779296875 0.72265625 0.0673828125
22 0.4986979166666667 0.6884765625 0.8072916666666666 0.5078125
25 0.12630208333333334 0.9765625 0.028645833333333332 0.021484375
31 0.53125 0.908203125 0.07942708333333333 0.0107421875
34 0.3190104166666667 0.9072265625 0.30859375 0.01171875
26 0.17578125 0.8720703125 0.018229166666666668 0.0126953125
28 0.2721354166666667 0.8720703125 0.01953125 0.013671875
29 0.3541666666666667 0.8720703125 0.018229166666666668 0.015625
27 0.4427083333333333 0.8720703125 0.018229166666666668 0.013671875
21 0.19401041666666666 0.8076171875 0.0546875 0.0087890625
21 0.19401041666666666 0.755859375 0.052083333333333336 0.0087890625
33 0.22395833333333334 0.7109375 0.11588541666666667 0.009765625
19 0.21354166666666666 0.693359375 0.09505208333333333 0.0078125
23 0.22005208333333334 0.5595703125 0.10677083333333333 0.0087890625
21 0.19401041666666666 0.5244140625 0.053385416666666664 0.0107421875
30 0.21614583333333334 0.9765625 0.11848958333333333 0.01953125