0 0.6627604166666666 0.5 0.08984375 0.5419921875
22 0.2936197916666667 0.5009765625 0.5872395833333334 0.60546875
26 0.005859375 0.7431640625 0.01171875 0.013671875
28 0.006510416666666667 0.67041015625 0.013020833333333334 0.0146484375
29 0.007161458333333333 0.609375 0.014322916666666666 0.013671875
27 0.006510416666666667 0.54296875 0.013020833333333334 0.013671875
21 0.08984375 0.7294921875 0.01171875 0.041015625
21 0.15885416666666666 0.7294921875 0.01171875 0.0390625
33 0.21875 0.70703125 0.013020833333333334 0.0869140625
19 0.2421875 0.71484375 0.010416666666666666 0.0712890625
23 0.4205729166666667 0.7099609375 0.01171875 0.080078125
21 0.4674479166666667 0.7294921875 0.014322916666666666 0.0400390625