32 0.484375 0.13671875 0.6796875 0.0361328125
1 0.4947916666666667 0.28515625 0.98828125 0.267578125
6 0.5481770833333334 0.13671875 0.08333333333333333 0.0166015625
4 0.3776041666666667 0.1376953125 0.11848958333333333 0.0205078125
5 0.73046875 0.0712890625 0.2643229166666667 0.0234375
5 0.8463541666666666 0.0712890625 0.02734375 0.01953125
2 0.9830729166666666 0.1533203125 0.032552083333333336 0.1064453125
8 0.16145833333333334 0.1328125 0.029947916666666668 0.0078125
17 0.24609375 0.13671875 0.12109375 0.0205078125
12 0.4700520833333333 0.1328125 0.04296875 0.0126953125
3 0.4947916666666667 0.0126953125 0.7421875 0.0244140625
7 0.8541666666666666 0.01171875 0.018229166666666668 0.015625
16 0.5924479166666666 0.5185546875 0.049479166666666664 0.009765625
30 0.17317708333333334 0.0126953125 0.09375 0.017578125