18 0.9839810924369747 0.9648058252427184 0.029936974789915968 0.049352750809061485
22 0.4894957983193277 0.7815533980582524 0.5614495798319328 0.4199029126213592
26 0.6068802521008403 0.6885113268608414 0.022058823529411766 0.03478964401294499
28 0.6066176470588235 0.7334142394822006 0.022584033613445378 0.03478964401294499
27 0.6066176470588235 0.779126213592233 0.022584033613445378 0.03398058252427184
29 0.6074054621848739 0.8224110032362459 0.022058823529411766 0.029935275080906147
31 0.6893382352941176 0.8879449838187702 0.06197478991596639 0.016181229773462782
21 0.3282563025210084 0.6800161812297735 0.04201680672268908 0.01699029126213592
23 0.3492647058823529 0.7467637540453075 0.08665966386554622 0.01699029126213592
30 0.24396008403361344 0.6824433656957929 0.06144957983193277 0.024271844660194174
16 0.2817752100840336 0.0505663430420712 0.10241596638655462 0.021844660194174758
12 0.2557773109243697 0.11205501618122977 0.050945378151260504 0.02750809061488673