18 0.9839443277310924 0.9649271844660194 0.029889705882352863 0.0492556634304208
22 0.4893644957983193 0.7813915857605179 0.5616596638655462 0.420242718446602
26 0.6069590336134454 0.6884061488673139 0.022069327731092426 0.03472491909385119
28 0.6067226890756303 0.7332605177993528 0.02254201680672273 0.03472491909385119
27 0.6067226890756303 0.7791909385113268 0.02254201680672273 0.03399676375404566
29 0.6074264705882353 0.8225970873786408 0.022069327731092426 0.029660194174757164
31 0.689375 0.8880663430420712 0.06198529411764705 0.015914239482200707
21 0.32825105042016806 0.6800889967637541 0.04226365546218489 0.016634304207120063
23 0.34938025210084034 0.7466423948220064 0.08640756302521008 0.016634304207120063
30 0.24395483193277312 0.6826213592233008 0.0615178571428572 0.024595469255663135
16 0.28174894957983193 0.05051779935275085 0.10266281512605044 0.021779935275080965
12 0.2557773109243697 0.11194983818770218 0.05071953781512602 0.027718446601941924