3 0.4965546218487395 0.02076051779935275 0.5948686974789916 0.03843851132686084
30 0.23654936974789914 0.01999190938511327 0.07186449579831929 0.0230663430420712
7 0.7850052521008404 0.019603559870550163 0.014973739495798433 0.02383495145631068
5 0.6856670168067227 0.11788834951456312 0.2125105042016806 0.03895631067961163
9 0.7184978991596639 0.08474919093851133 0.05013130252100831 0.01639967637540454
14 0.7688550420168068 0.08474919093851133 0.041701680672268954 0.015032362459546913
32 0.4946743697478992 0.1992233009708738 0.5385976890756302 0.036221682847896425
8 0.23669117647058824 0.19238673139158574 0.021738445378151252 0.012985436893203892
17 0.31654936974789916 0.19887540453074434 0.09361344537815126 0.03007281553398055
4 0.4330042016806723 0.1978559870550162 0.09316701680672262 0.029385113268608456
12 0.5199632352941176 0.19306634304207118 0.03549369747899156 0.0157200647249191
13 0.5982668067226891 0.19204692556634304 0.07675420168067221 0.016399676375404515
15 0.6938760504201681 0.19272653721682848 0.06832457983193285 0.01776699029126212
17 0.38384453781512606 0.3082766990291262 0.35800945378151255 0.027046925566343003
17 0.3304779411764706 0.2688187702265372 0.17763655462184874 0.017055016181229808
8 0.21758928571428574 0.26807443365695793 0.02118172268907565 0.014085760517799327
2 0.9864758403361344 0.6856553398058253 0.027048319327731093 0.17886731391585756
10 0.2668224789915966 0.869037216828479 0.07450105042016802 0.02518608414239491
6 0.29347163865546216 0.8079530744336569 0.1345430672268908 0.0225485436893203
5 0.6041071428571428 0.36410194174757277 0.011292016806722689 0.01827669902912624