3 0.4965861344537815 0.9793689320388349 0.595063025210084 0.038834951456310676
30 0.23660714285714285 0.9801779935275081 0.07195378151260504 0.023462783171521034
7 0.7849264705882353 0.9805825242718447 0.01523109243697479 0.023462783171521034
5 0.6856617647058824 0.8822815533980582 0.21271008403361344 0.038834951456310676
9 0.7184873949579832 0.9150485436893204 0.04989495798319328 0.016181229773462782
14 0.7689075630252101 0.9150485436893204 0.04149159663865546 0.015372168284789644
32 0.4947478991596639 0.8009708737864077 0.5383403361344538 0.03640776699029126
8 0.23660714285714285 0.8074433656957929 0.02153361344537815 0.012944983818770227
17 0.3164390756302521 0.8009708737864077 0.0934873949579832 0.029935275080906147
4 0.4330357142857143 0.8021844660194175 0.09296218487394958 0.02912621359223301
12 0.5199579831932774 0.8070388349514563 0.03571428571428571 0.015372168284789644
13 0.5982142857142857 0.8078478964401294 0.07668067226890757 0.016181229773462782
15 0.6938025210084033 0.8074433656957929 0.06827731092436974 0.01779935275080906
17 0.38392857142857145 0.691747572815534 0.3581932773109244 0.02669902912621359
17 0.33035714285714285 0.7309870550161812 0.17752100840336135 0.01699029126213592
8 0.21769957983193278 0.7317961165048543 0.02100840336134454 0.013754045307443365
2 0.9863445378151261 0.3143203883495146 0.0273109243697479 0.17880258899676377
10 0.2668067226890756 0.13106796116504854 0.07457983193277311 0.025080906148867314
6 0.2935924369747899 0.19215210355987056 0.13445378151260504 0.022653721682847898
5 0.6039915966386554 0.6359223300970874 0.011554621848739496 0.0186084142394822