3 0.4958613445378151 0.025059171597633136 0.5972899159663866 0.05011834319526627
30 0.23603466386554625 0.0238560157790927 0.07380777310924368 0.03522682445759369
7 0.7847689075630252 0.022662721893491125 0.014353991596638617 0.028017751479289945
5 0.6860976890756302 0.1362820512820513 0.2137447478991598 0.04860946745562132
9 0.7645483193277312 0.09629191321499014 0.050703781512605024 0.019082840236686386
32 0.4954779411764706 0.21906311637080866 0.5376575630252101 0.06186390532544381
8 0.2388550420168067 0.21944773175542406 0.02313550420168065 0.022682445759368838
17 0.320672268907563 0.22629191321499015 0.09459558823529418 0.037692307692307664
4 0.43255252100840336 0.21963510848126233 0.08398109243697484 0.018885601577909247
12 0.5156985294117648 0.21963510848126233 0.03436974789915969 0.018885601577909247
13 0.5916964285714286 0.22182445759368838 0.0706355042016808 0.023264299802761318
16 0.6866596638655462 0.2195364891518738 0.07674894957983198 0.02053254437869822
2 0.9866281512605042 0.7046055226824458 0.026743697478991635 0.21848126232741613
14 0.520703781512605 0.930069033530572 0.07309348739495802 0.02186390532544386
5 0.7794642857142857 0.1365483234714004 0.020320378151260532 0.04014792899408282