3 0.24711134453781514 0.5 0.026785714285714284 1
30 0.24632352941176472 0.03698224852071006 0.018907563025210083 0.07396449704142012
5 0.30593487394957986 0.8244575936883629 0.025735294117647058 0.3510848126232742
9 0.2849264705882353 0.9743589743589743 0.009978991596638655 0.05128205128205128
32 0.35005252100840334 0.4980276134122288 0.03308823529411765 0.9960552268244576
8 0.35057773109243695 0.015779092702169626 0.01207983193277311 0.03155818540433925
17 0.3542542016806723 0.16321499013806706 0.01995798319327731 0.17751479289940827
4 0.35057773109243695 0.3732741617357002 0.009978991596638655 0.15779092702169625
12 0.35057773109243695 0.5295857988165681 0.009978991596638655 0.0641025641025641
13 0.35189075630252103 0.6720907297830375 0.012605042016806723 0.13214990138067062
16 0.35057773109243695 0.8505917159763313 0.011029411764705883 0.14398422090729784
14 0.7289915966386554 0.5389546351084813 0.011554621848739496 0.13708086785009863