3 0.4957983193277311 0.9748520710059172 0.5971638655462185 0.05029585798816568
30 0.23608193277310924 0.9763313609467456 0.0740546218487395 0.03550295857988166
7 0.7846638655462185 0.9773175542406312 0.014180672268907563 0.027613412228796843
5 0.686186974789916 0.863905325443787 0.21376050420168066 0.048323471400394474
9 0.7644432773109243 0.9038461538461539 0.050945378151260504 0.01873767258382643
32 0.4955357142857143 0.7810650887573964 0.5378151260504201 0.0621301775147929
8 0.23897058823529413 0.7805719921104537 0.023109243697478993 0.022682445759368838
17 0.32064075630252103 0.7736686390532544 0.09453781512605042 0.03747534516765286
4 0.4325105042016807 0.7805719921104537 0.08403361344537816 0.01873767258382643
12 0.5157563025210085 0.7805719921104537 0.03413865546218487 0.01873767258382643
13 0.5916491596638656 0.7781065088757396 0.0703781512605042 0.023668639053254437
16 0.6867121848739496 0.7805719921104537 0.07668067226890757 0.020710059171597635
2 0.9866071428571429 0.2953648915187377 0.026785714285714284 0.21893491124260356
14 0.5207457983193278 0.07001972386587771 0.07300420168067227 0.021696252465483234
5 0.7794117647058824 0.8634122287968442 0.020483193277310924 0.04043392504930966