3 0.8694852941176471 0.5044581618655692 0.025210084033613446 0.7784636488340192
30 0.8702731092436975 0.8436213991769548 0.016281512605042018 0.09602194787379972
7 0.8707983193277311 0.12791495198902605 0.014705882352941176 0.018518518518518517
5 0.8098739495798319 0.2575445816186557 0.026260504201680673 0.27983539094650206
9 0.8321953781512605 0.15329218106995884 0.009453781512605041 0.0644718792866941
32 0.7668067226890757 0.5065157750342936 0.03203781512605042 0.7030178326474623
8 0.7654936974789915 0.8419067215363512 0.009453781512605041 0.028120713305898493
17 0.7618172268907563 0.7345679012345679 0.01995798319327731 0.12345679012345678
4 0.7662815126050421 0.5881344307270233 0.01050420168067227 0.10905349794238683
12 0.7654936974789915 0.4777091906721536 0.008928571428571428 0.04458161865569273
13 0.7660189075630253 0.3816872427983539 0.011029411764705883 0.08847736625514403
16 0.7652310924369747 0.25651577503429357 0.011554621848739496 0.09739368998628258
5 0.6546743697478992 0.36419753086419754 0.008928571428571428 0.01440329218106996
16 0.6134453781512605 0.23319615912208505 0.012605042016806723 0.11179698216735254
12 0.6391806722689075 0.22085048010973937 0.01050420168067227 0.1337448559670782
29 0.3180147058823529 0.6978737997256516 0.025735294117647058 0.045953360768175584
29 0.24501050420168066 0.8165294924554184 0.008928571428571428 0.01440329218106996