3 0.4962871287128713 0.009765625 0.5952970297029703 0.01953125
30 0.2376237623762376 0.009765625 0.07301980198019802 0.013671875
7 0.7846534653465347 0.009765625 0.013613861386138614 0.01171875
5 0.6856435643564357 0.0576171875 0.21287128712871287 0.01953125
9 0.7648514851485149 0.041015625 0.04950495049504951 0.0068359375
32 0.4938118811881188 0.0927734375 0.5358910891089109 0.0244140625
8 0.2376237623762376 0.0927734375 0.022277227722772276 0.0068359375
17 0.32054455445544555 0.095703125 0.09405940594059406 0.015625
4 0.43316831683168316 0.0927734375 0.08292079207920793 0.0068359375
12 0.5160891089108911 0.0927734375 0.03341584158415842 0.0087890625
13 0.5915841584158416 0.0927734375 0.06930693069306931 0.0078125
16 0.6868811881188119 0.0927734375 0.07301980198019802 0.0087890625
2 0.9870049504950495 0.64404296875 0.02599009900990099 0.0908203125
5 0.7537128712871287 0.173828125 0.009900990099009901 0.0087890625