3 0.49711134453781514 0.026068821689259645 0.5966386554621849 0.05213764337851929
30 0.23686974789915966 0.026068821689259645 0.07352941176470588 0.03753910323253389
7 0.7851890756302521 0.024504692387904068 0.013130252100840336 0.029197080291970802
5 0.6856617647058824 0.14442127215849843 0.21218487394957983 0.05005213764337852
9 0.7654936974789915 0.10062565172054223 0.04989495798319328 0.021897810218978103
32 0.49369747899159666 0.23044838373305526 0.5409663865546218 0.06777893639207508
8 0.23792016806722688 0.23096976016684045 0.02153361344537815 0.016684045881126174
17 0.31985294117647056 0.24139728884254433 0.09506302521008403 0.03962460896767466
4 0.4332983193277311 0.23305526590198122 0.08403361344537816 0.020855057351407715
12 0.5162815126050421 0.23305526590198122 0.03308823529411765 0.018769551616266946
13 0.5911239495798319 0.23149113660062565 0.06932773109243698 0.021897810218978103
16 0.6875 0.23096976016684045 0.07668067226890757 0.023983315954118872
5 0.6037289915966386 0.45307612095933264 0.01050420168067227 0.02502606882168926
2 0.9863445378151261 0.7116788321167883 0.0273109243697479 0.23044838373305526
12 0.7134978991596639 0.4848800834202294 0.10451680672268908 0.022940563086548488
16 0.7053571428571429 0.5375391032325338 0.08876050420168068 0.02502606882168926