3 0.49715861344537815 0.02599582898852972 0.5965913865546218 0.05199165797705944
30 0.23692752100840336 0.02599582898852972 0.07336134453781516 0.03733055265901981
7 0.7850735294117647 0.024619395203336808 0.01338235294117648 0.029082377476538062
5 0.6856407563025211 0.14417101147028152 0.2122426470588236 0.050156412930135584
9 0.7654621848739496 0.10065693430656934 0.0498319327731093 0.02175182481751826
32 0.49369747899159666 0.23052137643378517 0.5407615546218486 0.06777893639207508
8 0.23785189075630253 0.23118873826903025 0.02168592436974788 0.017174139728884225
17 0.3197531512605042 0.24127215849843586 0.09504726890756304 0.039165797705943695
4 0.4332563025210084 0.23302398331595411 0.0839758403361345 0.02084462982273202
12 0.5163077731092437 0.23302398331595411 0.03321953781512605 0.01900938477580815
13 0.5910556722689075 0.23164754953076122 0.06921218487394969 0.02175182481751826
16 0.6874894957983193 0.23118873826903025 0.0765913865546218 0.024504692387904068
5 0.6037447478991597 0.4528779979144943 0.010614495798319346 0.024504692387904068
2 0.9863077731092438 0.7117205422314911 0.027379201680672326 0.230636079249218
12 0.7134191176470588 0.48508863399374347 0.10458508403361351 0.023274244004171062
16 0.7054569327731093 0.5376955161626694 0.08866071428571426 0.024598540145985316