22 0.5 0.2509765625 0.6039603960396039 0.3916015625
18 0.9826732673267327 0.0185546875 0.03094059405940594 0.025390625
25 0.2202970297029703 0.025390625 0.023514851485148515 0.0185546875
30 0.29455445544554454 0.025390625 0.09405940594059406 0.017578125
31 0.37623762376237624 0.0947265625 0.06188118811881188 0.0087890625
34 0.4876237623762376 0.09375 0.12623762376237624 0.0078125
26 0.26113861386138615 0.1240234375 0.01485148514851485 0.0107421875
29 0.33910891089108913 0.1240234375 0.013613861386138614 0.0107421875
28 0.41089108910891087 0.1240234375 0.013613861386138614 0.0107421875
33 0.3069306930693069 0.1552734375 0.10272277227722772 0.0068359375
21 0.2747524752475248 0.376953125 0.04207920792079208 0.005859375
23 0.297029702970297 0.3564453125 0.08415841584158416 0.0068359375