3 0.4965231092436975 0.017421124828532236 0.5961817226890757 0.0331207133058985
30 0.23682773109243696 0.016488340192043895 0.07350840336134455 0.0212482853223594
7 0.7850262605042017 0.01563100137174211 0.013923319327731207 0.019533607681755834
5 0.6857510504201682 0.09523319615912208 0.2142226890756303 0.03421810699588476
9 0.7655199579831933 0.06626886145404665 0.049427521008403426 0.012064471879286696
32 0.4948844537815126 0.15147462277091905 0.5381144957983194 0.041865569272976695
8 0.2382563025210084 0.15316872427983538 0.021575630252100863 0.012153635116598099
17 0.32024684873949577 0.15823731138545954 0.09460609243697485 0.0257201646090535
4 0.4323844537815126 0.15222908093278462 0.08330357142857149 0.013710562414266124
12 0.5170220588235294 0.15316186556927297 0.034096638655462225 0.011851851851851834
13 0.5906617647058823 0.15266117969821674 0.06786764705882342 0.014574759945130316
16 0.6864758403361344 0.15359396433470507 0.0743172268907563 0.015000000000000003
2 0.98703256302521 0.6734019204389575 0.025934873949579888 0.15034293552812075
5 0.6039443277310925 0.29803840877914956 0.011024159663865432 0.011721536351166002
16 0.7042594537815127 0.35176268861454046 0.08569852941176474 0.016193415637860014
12 0.7136922268907563 0.31830589849108365 0.10261554621848745 0.014053497942386837
29 0.3484768907563025 0.7378052126200274 0.03538340336134448 0.033737997256515814
29 0.25761554621848737 0.8329835390946502 0.011150210084033623 0.011392318244170183