3 0.5034138655462185 0.9825102880658436 0.5961134453781513 0.03292181069958848
30 0.7631302521008403 0.9835390946502057 0.07352941176470588 0.021262002743484224
7 0.21507352941176472 0.9842249657064472 0.014180672268907563 0.019204389574759947
5 0.31433823529411764 0.9046639231824417 0.21428571428571427 0.03429355281207133
9 0.2345063025210084 0.9338134430727023 0.04936974789915966 0.012345679012345678
32 0.5049894957983193 0.8484224965706447 0.5383403361344538 0.04183813443072702
8 0.7618172268907563 0.8467078189300411 0.02153361344537815 0.012345679012345678
17 0.6796218487394958 0.8419067215363512 0.09453781512605042 0.02606310013717421
4 0.5674894957983193 0.8477366255144033 0.08350840336134453 0.013717421124828532
12 0.48293067226890757 0.8467078189300411 0.03413865546218487 0.011659807956104253
13 0.40940126050420167 0.8473936899862826 0.06775210084033613 0.01440329218106996
16 0.3135504201680672 0.8463648834019204 0.07457983193277311 0.015089163237311385
2 0.012867647058823529 0.32647462277091904 0.025735294117647058 0.15020576131687244
5 0.3960084033613445 0.7019890260631001 0.011029411764705883 0.011659807956104253
16 0.2956932773109244 0.6481481481481481 0.08560924369747899 0.01646090534979424
12 0.2862394957983193 0.6817558299039781 0.10241596638655462 0.013717421124828532
29 0.6515231092436975 0.2623456790123457 0.0351890756302521 0.033607681755829906
29 0.7423844537815126 0.1670096021947874 0.011029411764705883 0.011659807956104253