3 0.5028886554621849 0.026068821689259645 0.5966386554621849 0.05213764337851929
30 0.7631302521008403 0.026068821689259645 0.07352941176470588 0.03753910323253389
7 0.21481092436974789 0.024504692387904068 0.013130252100840336 0.029197080291970802
5 0.31433823529411764 0.14442127215849843 0.21218487394957983 0.05005213764337852
9 0.2345063025210084 0.10062565172054223 0.04989495798319328 0.021897810218978103
32 0.5063025210084033 0.23044838373305526 0.5409663865546218 0.06777893639207508
8 0.7620798319327731 0.23096976016684045 0.02153361344537815 0.016684045881126174
17 0.6801470588235294 0.24139728884254433 0.09506302521008403 0.03962460896767466
4 0.5667016806722689 0.23305526590198122 0.08403361344537816 0.020855057351407715
12 0.483718487394958 0.23305526590198122 0.03308823529411765 0.018769551616266946
13 0.40887605042016806 0.23149113660062565 0.06932773109243698 0.021897810218978103
16 0.3125 0.23096976016684045 0.07668067226890757 0.023983315954118872
5 0.3962710084033613 0.45307612095933264 0.01050420168067227 0.02502606882168926
2 0.01365546218487395 0.7116788321167883 0.0273109243697479 0.23044838373305526
12 0.2865021008403361 0.4848800834202294 0.10451680672268908 0.022940563086548488
16 0.29464285714285715 0.5375391032325338 0.08876050420168068 0.02502606882168926