22 0.5002626050420168 0.3766434648105182 0.648109243697479 0.5483372003093581
18 0.9834558823529411 0.0328692962103635 0.02468487394957983 0.03789636504253674
34 0.35346638655462187 0.1573859242072699 0.24842436974789917 0.020108275328692964
31 0.6961659663865546 0.15390564578499613 0.06302521008403361 0.018561484918793503
26 0.23818277310924368 0.21191028615622584 0.01365546218487395 0.02088167053364269
28 0.3161764705882353 0.2122969837587007 0.01365546218487395 0.020108275328692964
29 0.360031512605042 0.2122969837587007 0.013130252100840336 0.02088167053364269
33 0.29936974789915966 0.28731631863882445 0.13550420168067226 0.015467904098994586
19 0.27415966386554624 0.33178654292343385 0.08508403361344538 0.013921113689095127
20 0.2757352941176471 0.35924207269914926 0.08823529411764706 0.01237432327919567
23 0.27415966386554624 0.45978344934261406 0.08508403361344538 0.01237432327919567
21 0.25262605042016806 0.534416086620263 0.04096638655462185 0.013147718484145398
21 0.19038865546218486 0.4218870843000773 0.0005252100840336134 0.002320185614849188