22 0.500688025210084 0.6986703772418058 0.6483193277310925 0.43846629560915273
18 0.9832668067226892 0.9738651824366109 0.023261554621848722 0.028707482993197322
31 0.6945483193277311 0.8748794063079777 0.0636607142857143 0.015256648113791016
34 0.35409138655462186 0.8759987631416202 0.24673844537815123 0.013407544836116444
26 0.2386922268907563 0.8300061842918985 0.013876050420168045 0.01686456400742142
28 0.31615546218487395 0.829851576994434 0.01310399159663868 0.01656153370439069
29 0.3594485294117647 0.8304576376004947 0.013876050420168106 0.015961657390229065
33 0.29932773109243693 0.7702535559678417 0.13463235294117643 0.012325293753865362
19 0.2738918067226891 0.7333457019171306 0.08427521008403363 0.011119356833642277
23 0.2742752100840336 0.6327520098948669 0.08504726890756306 0.01081632653061211
21 0.25269432773109246 0.5733024118738406 0.04136554621848739 0.009907235621521605
20 0.27431722689075627 0.7124056895485467 0.09106617647058816 0.012201607915893361