3 0.08928571428571429 0.4965986394557823 0.025735294117647058 0.7006802721088435
5 0.1478466386554622 0.7186147186147186 0.025735294117647058 0.2504638218923933
9 0.12578781512605042 0.756648113790971 0.009978991596638655 0.05813234384662956
14 0.12578781512605042 0.8166357452071737 0.008403361344537815 0.04885590599876314
32 0.19248949579831934 0.49288806431663573 0.032563025210084036 0.6332714904143476
7 0.08771008403361344 0.8358070500927643 0.012605042016806723 0.015460729746444033
30 0.08823529411764706 0.18985776128633272 0.01680672268907563 0.08534322820037106
8 0.19222689075630253 0.19047619047619047 0.008928571428571428 0.025974025974025976
17 0.19616596638655462 0.28385899814471244 0.020483193277310924 0.11008039579468151
4 0.19774159663865545 0.419604205318491 0.018907563025210083 0.10946196660482375
12 0.19275210084033614 0.5210265924551639 0.009978991596638655 0.039579468150896725
13 0.19248949579831934 0.6128633271490415 0.01050420168067227 0.09029066171923315
5 0.3792016806722689 0.23500309214594928 0.02468487394957983 0.15213358070500926
16 0.26759453781512604 0.19542362399505256 0.023109243697478993 0.09029066171923315
5 0.37657563025210083 0.300556586270872 0.01838235294117647 0.021645021645021644
5 0.148109243697479 0.8293135435992579 0.022058823529411766 0.024737167594310452