3 0.49700105042016807 0.01648113790970934 0.5949264705882352 0.03034632034632035
5 0.6856407563025211 0.08522572665429809 0.21247373949579842 0.030346320346320343
9 0.7179726890756303 0.0593382807668522 0.04951680672268918 0.011638837353123063
14 0.7689653361344537 0.0593382807668522 0.041386554621848835 0.009901051329622752
32 0.49386029411764704 0.13782312925170068 0.5376470588235294 0.03853432282003711
7 0.7852258403361344 0.014520717377860235 0.01330357142857139 0.01512059369202226
30 0.23649159663865546 0.015176252319109462 0.07242647058823534 0.019907235621521333
8 0.23704831932773107 0.1376561533704391 0.02180147058823529 0.01076685219542364
17 0.31649159663865545 0.14222634508348794 0.0934873949579832 0.02425479282622138
4 0.43159663865546216 0.14396413110698825 0.09311974789915964 0.022517006802721104
12 0.5178781512605042 0.13808905380333952 0.033623949579831926 0.011638837353123063
13 0.5958508403361344 0.1378726035868893 0.0764915966386554 0.012071737786023488
5 0.274921218487395 0.3578169449598021 0.12933298319327732 0.02904143475572049
2 0.9871533613445378 0.6772047000618429 0.025693277310924408 0.15816944959802115
16 0.24130252100840335 0.22624613481756337 0.07659138655462187 0.027266542980828715
5 0.33067752100840336 0.35479901051329626 0.018592436974789964 0.02144094001236863
5 0.7796060924369748 0.0855225726654298 0.02075105042016818 0.025683364254792843