22 0.4998319327731092 0.5878649789029535 0.6471638655462185 0.5958818565400843
31 0.6958981092436974 0.8305147679324894 0.06278886554621858 0.01737552742616046
34 0.3554254201680672 0.8292151898734176 0.24799369747899164 0.0220675105485229
18 0.983686974789916 0.9654177215189873 0.027678571428571334 0.04674261603375555
26 0.23814600840336134 0.7685822784810127 0.01404936974789916 0.022970464135021313
28 0.31625 0.7681687763713082 0.014322478991596629 0.023063291139240445
29 0.35970588235294115 0.7681687763713082 0.01448529411764702 0.023063291139240445
19 0.2738655462184874 0.6367341772151899 0.08548319327731092 0.013459915611814192
33 0.29914915966386557 0.6863206751054852 0.13605567226890755 0.016978902953586405
20 0.2751943277310924 0.609029535864979 0.08871848739495802 0.0190970464135022
21 0.2522058823529412 0.41796624472573835 0.0421691176470588 0.01506329113924043
23 0.27403361344537813 0.4982109704641351 0.08469012605042017 0.013375527426160261