3 0.4950105042016807 0.021940928270042195 0.5966386554621849 0.043037974683544304
30 0.23660714285714285 0.019831223628691982 0.07563025210084033 0.027848101265822784
7 0.7851890756302521 0.019831223628691982 0.014180672268907563 0.02531645569620253
5 0.6859243697478992 0.11729957805907174 0.21323529411764705 0.039662447257383965
9 0.7179621848739496 0.08227848101265822 0.05042016806722689 0.018565400843881856
14 0.7691701680672269 0.08143459915611814 0.04254201680672269 0.016033755274261603
32 0.49396008403361347 0.18860759493670887 0.5399159663865546 0.056540084388185655
8 0.23634453781512604 0.1877637130801688 0.023634453781512604 0.016033755274261603
17 0.3164390756302521 0.19535864978902953 0.09296218487394958 0.03459915611814346
4 0.4317226890756303 0.1940928270042194 0.0940126050420168 0.03375527426160337
12 0.5183823529411765 0.1877637130801688 0.03571428571428571 0.016033755274261603
13 0.5955882352941176 0.1877637130801688 0.0782563025210084 0.019409282700421943
5 0.6034663865546218 0.36666666666666664 0.01050420168067227 0.020253164556962026
2 0.9866071428571429 0.7042194092827004 0.026785714285714284 0.21772151898734177
4 0.31906512605042014 0.30886075949367087 0.22531512605042017 0.029535864978902954
4 0.29884453781512604 0.26751054852320677 0.11449579831932773 0.019409282700421943