22 0.6685924369747899 0.5009276437847866 0.37237394957983194 0.7631416202844774
31 0.8182773109243697 0.7291280148423006 0.013130252100840336 0.07482993197278912
34 0.819327731092437 0.32807668521954236 0.011554621848739496 0.2906617192331478
26 0.7801995798319328 0.19233147804576375 0.014180672268907563 0.016079158936301793
28 0.7801995798319328 0.28354978354978355 0.014180672268907563 0.015460729746444033
29 0.7807247899159664 0.33457019171304886 0.01365546218487395 0.016079158936301793
33 0.729516806722689 0.2637600494743352 0.01050420168067227 0.1583178726035869
19 0.698266806722689 0.23376623376623376 0.009453781512605041 0.09894867037724181
23 0.6126575630252101 0.23407544836116265 0.008928571428571428 0.10018552875695733
21 0.5622373949579832 0.20871985157699444 0.008403361344537815 0.04885590599876314
20 0.6804096638655462 0.23438466295609153 0.01050420168067227 0.10698824984539271