3 0.49493697478991605 0.021746835443037973 0.5964863445378151 0.0430464135021097
30 0.2366123949579832 0.01963713080168776 0.07568277310924365 0.027713080168776376
7 0.7850682773109243 0.019746835443037975 0.014017857142857172 0.02571308016877637
5 0.6860451680672269 0.11724050632911392 0.21348214285714298 0.03980590717299579
9 0.7179989495798319 0.08246413502109705 0.05020483193277318 0.018160337552742625
14 0.7691701680672269 0.08132489451476793 0.04250525210084025 0.015873417721518988
32 0.49383403361344536 0.18855696202531647 0.5401733193277313 0.056185654008438855
8 0.2362237394957983 0.18778059071729958 0.023765756302521007 0.015873417721518988
17 0.3164968487394958 0.19518987341772154 0.09320903361344539 0.034489451476793255
4 0.4316176470588235 0.193957805907173 0.09390231092436972 0.03392405063291138
12 0.5184611344537815 0.18778059071729958 0.03567752100840339 0.015873417721518988
13 0.5954831932773109 0.18759493670886077 0.07849789915966389 0.01929113924050634
5 0.6034716386554622 0.3666244725738397 0.01046743697478983 0.01994092827004219
2 0.986533613445378 0.7042784810126582 0.02692752100840335 0.21767088607594942
4 0.3190703781512605 0.3088945147679325 0.22527836134453785 0.029274261603375477
4 0.2989128151260504 0.26767088607594935 0.11442226890756298 0.019535864978902934