22 0.5546218487394958 0.5 0.3707983193277311 1
31 0.7056197478991597 0.18523206751054852 0.011029411764705883 0.10126582278481013
34 0.7048319327731093 0.7324894514767932 0.01365546218487395 0.3983122362869198
26 0.6672794117647058 0.920675105485232 0.014180672268907563 0.02278481012658228
28 0.667016806722689 0.7953586497890295 0.014180672268907563 0.02278481012658228
29 0.667016806722689 0.7253164556962025 0.014180672268907563 0.02362869198312236
19 0.5850840336134454 0.8632911392405064 0.008403361344537815 0.13755274261603376
33 0.6160714285714286 0.8227848101265823 0.01050420168067227 0.21856540084388185
20 0.5677521008403361 0.8611814345991561 0.01207983193277311 0.14261603375527426
21 0.4490546218487395 0.8983122362869198 0.009453781512605041 0.06751054852320675
23 0.4989495798319328 0.8628691983122363 0.008403361344537815 0.1358649789029536