2 0.9870430672268907 0.6959706109822119 0.025913865546218565 0.19692962103634948
3 0.4961607142857143 0.018870843000773393 0.5946271008403362 0.03744779582366589
30 0.2365651260504202 0.01954369682907966 0.07341386554621847 0.025382830626450116
7 0.7848686974789917 0.018128383604021657 0.01397058823529407 0.021067285382830626
5 0.6859558823529411 0.10679040989945864 0.2126155462184875 0.04021655065738593
9 0.7183718487394958 0.0754524361948956 0.049884453781512614 0.013588553750966738
14 0.7684873949579832 0.07500386697602475 0.04188550420168067 0.01566898685228151
32 0.4944432773109243 0.17276102088167053 0.5406249999999999 0.04898685228151588
8 0.23585609243697478 0.17205723124516628 0.021428571428571404 0.014663573085846851
17 0.3165126050420168 0.17890177880897137 0.09474264705882358 0.028360402165506587
4 0.43175420168067224 0.1783062645011601 0.09563550420168063 0.027169373549883986
12 0.5176207983193277 0.1722815158546017 0.03474264705882358 0.016597061098221174
13 0.5957983193277311 0.172877030162413 0.0798371848739497 0.017788089713843776
5 0.603686974789916 0.3360788863109049 0.010656512605041997 0.0165429234338747
5 0.7798266806722689 0.10728538283062646 0.020877100840336133 0.03100541376643463