3 0.20246848739495799 0.5080168776371308 0.026785714285714284 0.9586497890295359
30 0.20115546218487396 0.9232067510548523 0.017331932773109245 0.12151898734177215
7 0.20115546218487396 0.04177215189873418 0.015756302521008403 0.02278481012658228
5 0.2618172268907563 0.20126582278481012 0.02468487394957983 0.3426160337552743
9 0.24002100840336135 0.14978902953586498 0.011554621848739496 0.0810126582278481
14 0.23949579831932774 0.06751054852320675 0.009978991596638655 0.06835443037974684
32 0.30619747899159666 0.509704641350211 0.0351890756302521 0.8675105485232067
8 0.30567226890756305 0.9236286919831224 0.009978991596638655 0.0379746835443038
17 0.31039915966386555 0.7949367088607595 0.02153361344537815 0.14936708860759493
4 0.30961134453781514 0.609704641350211 0.02100840336134454 0.15105485232067511
12 0.30567226890756305 0.4704641350210971 0.009978991596638655 0.05738396624472574
13 0.30567226890756305 0.3464135021097046 0.01207983193277311 0.1257383966244726
5 0.4170168067226891 0.3337552742616034 0.012605042016806723 0.016877637130801686
4 0.38103991596638653 0.790717299578059 0.01838235294117647 0.3620253164556962
4 0.3553046218487395 0.8232067510548523 0.01207983193277311 0.1839662447257384