22 0.4997373949579832 0.5877637130801687 0.6470588235294118 0.5957805907172996
31 0.6959033613445378 0.830379746835443 0.06302521008403361 0.017721518987341773
34 0.3553046218487395 0.8291139240506329 0.24789915966386555 0.021940928270042195
18 0.9837184873949579 0.9654008438818565 0.027836134453781514 0.046413502109704644
26 0.23818277310924368 0.7687763713080169 0.014180672268907563 0.02278481012658228
28 0.3161764705882353 0.7683544303797468 0.014180672268907563 0.02278481012658228
29 0.3597689075630252 0.7683544303797468 0.014705882352941176 0.02278481012658228
19 0.27389705882352944 0.6367088607594936 0.08560924369747899 0.01350210970464135
33 0.29910714285714285 0.6864978902953587 0.13602941176470587 0.016877637130801686
20 0.27521008403361347 0.6088607594936709 0.08876050420168068 0.019409282700421943
21 0.25210084033613445 0.4181434599156118 0.04201680672268908 0.015189873417721518
23 0.27415966386554624 0.49831223628691984 0.08455882352941177 0.01350210970464135