1 0.49572649572649574 0.2216796875 0.99002849002849 0.2109375
32 0.4928774928774929 0.1005859375 0.6709401709401709 0.03125
5 0.7307692307692307 0.0625 0.26353276353276356 0.0224609375
5 0.8475783475783476 0.0615234375 0.024216524216524215 0.0185546875
14 0.8333333333333334 0.04296875 0.05270655270655271 0.0078125
9 0.7706552706552706 0.04296875 0.06125356125356125 0.009765625
2 0.9836182336182336 0.14794921875 0.03276353276353276 0.1142578125
3 0.49572649572649574 0.01171875 0.7450142450142451 0.0224609375
7 0.8532763532763533 0.0107421875 0.018518518518518517 0.01171875
8 0.1737891737891738 0.099609375 0.03133903133903134 0.0078125
17 0.2720797720797721 0.103515625 0.12108262108262108 0.015625
4 0.41737891737891736 0.103515625 0.1168091168091168 0.017578125
12 0.5242165242165242 0.1005859375 0.04843304843304843 0.0107421875
13 0.6182336182336182 0.099609375 0.09686609686609686 0.0107421875
16 0.5 0.3642578125 0.3091168091168091 0.0185546875
15 0.5014245014245015 0.734375 0.20655270655270655 0.0224609375
30 0.1737891737891738 0.01171875 0.09116809116809117 0.013671875