3 0.17331932773109243 0.494199535962877 0.025210084033613446 0.8754833720030936
30 0.17384453781512604 0.11214230471771075 0.017331932773109245 0.10827532869296211
7 0.17279411764705882 0.9195668986852281 0.014180672268907563 0.02088167053364269
5 0.23293067226890757 0.7737819025522041 0.0273109243697479 0.31322505800464034
9 0.21165966386554622 0.8217324052590874 0.009453781512605041 0.07347254447022429
14 0.2113970588235294 0.8952049497293116 0.01050420168067227 0.061871616395978345
32 0.2778361344537815 0.4918793503480278 0.03308823529411765 0.7958236658932715
8 0.2773109243697479 0.11098221191028615 0.009978991596638655 0.0317092034029389
17 0.2820378151260504 0.2296983758700696 0.019432773109243698 0.13921113689095127
4 0.2815126050420168 0.3994586233565352 0.01838235294117647 0.14075792730085074
12 0.2775735294117647 0.525908739365816 0.011029411764705883 0.05104408352668213
13 0.2778361344537815 0.6411446249033256 0.01207983193277311 0.11755607115235886
5 0.38865546218487396 0.6527455529775715 0.011029411764705883 0.015467904098994586
5 0.23319327731092437 0.9122196442382057 0.02100840336134454 0.030935808197989172