0 0.5014245014245015 0.5810546875 0.7250712250712251 0.0556640625
22 0.5 0.7880859375 0.8048433048433048 0.3154296875
25 0.12535612535612536 0.9794921875 0.029914529914529916 0.0205078125
20 0.2207977207977208 0.7978515625 0.1111111111111111 0.0087890625
31 0.7421652421652422 0.916015625 0.07977207977207977 0.0107421875
34 0.3176638176638177 0.9150390625 0.31054131054131057 0.01171875
26 0.1752136752136752 0.8828125 0.018518518518518517 0.0126953125
28 0.2720797720797721 0.8837890625 0.018518518518518517 0.01171875
29 0.3262108262108262 0.8828125 0.017094017094017096 0.01171875
33 0.25071225071225073 0.83984375 0.16809116809116809 0.0087890625
19 0.21937321937321938 0.8134765625 0.10398860398860399 0.0087890625
23 0.21937321937321938 0.740234375 0.10683760683760683 0.0087890625
21 0.19373219373219372 0.6982421875 0.05413105413105413 0.0087890625
30 0.21652421652421652 0.978515625 0.11823361823361823 0.01953125