2 0.9871323529411765 0.3039443155452436 0.025735294117647058 0.19721577726218098
3 0.4960609243697479 0.9810518174787316 0.5945378151260504 0.037122969837587005
30 0.23660714285714285 0.9802784222737819 0.07352941176470588 0.025522041763341066
7 0.7849264705882353 0.9818252126836814 0.014180672268907563 0.02088167053364269
5 0.6859243697478992 0.8932714617169374 0.21271008403361344 0.04021655065738593
9 0.7184873949579832 0.9245939675174014 0.04989495798319328 0.013921113689095127
14 0.7683823529411765 0.9249806651198763 0.04201680672268908 0.015467904098994586
32 0.4944852941176471 0.8271461716937355 0.5404411764705882 0.048723897911832945
8 0.23581932773109243 0.8279195668986852 0.02153361344537815 0.014694508894044857
17 0.3164390756302521 0.8209590100541376 0.09453781512605042 0.028615622583139984
4 0.4317226890756303 0.8217324052590874 0.09558823529411764 0.027068832173240527
12 0.5175945378151261 0.8275328692962104 0.03466386554621849 0.016241299303944315
13 0.5958508403361344 0.8271461716937355 0.07983193277310924 0.017788089713843776
5 0.6037289915966386 0.6639597834493426 0.01050420168067227 0.016241299303944315
5 0.779936974789916 0.8928847641144625 0.02100840336134454 0.030935808197989172