3 0.49572649572649574 0.98828125 0.7421652421652422 0.0224609375
30 0.1737891737891738 0.98828125 0.09259259259259259 0.015625
7 0.8547008547008547 0.9892578125 0.01566951566951567 0.013671875
5 0.7307692307692307 0.9375 0.26638176638176636 0.0234375
9 0.7706552706552706 0.9560546875 0.06267806267806268 0.0087890625
14 0.8347578347578347 0.95703125 0.05270655270655271 0.009765625
32 0.4943019943019943 0.900390625 0.6723646723646723 0.029296875
1 0.5 0.7783203125 1 0.2119140625
8 0.1737891737891738 0.900390625 0.02564102564102564 0.0087890625
17 0.2706552706552707 0.8974609375 0.11538461538461539 0.017578125
4 0.41595441595441596 0.8955078125 0.11823361823361823 0.0166015625
12 0.5213675213675214 0.900390625 0.04700854700854701 0.0107421875
13 0.6182336182336182 0.900390625 0.09829059829059829 0.0126953125
2 0.9836182336182336 0.8525390625 0.03276353276353276 0.11328125
15 0.5 0.2646484375 0.2022792022792023 0.0224609375
16 0.5 0.6337890625 0.3091168091168091 0.01953125
12 0.5925925925925926 0.380859375 0.05270655270655271 0.009765625
5 0.8475783475783476 0.9365234375 0.02849002849002849 0.01953125