22 0.5001995798319328 0.6233874709976798 0.648203781512605 0.5479659706109825
18 0.9834716386554622 0.9669450889404487 0.02483193277310935 0.03761020881670542
34 0.3535714285714286 0.8427300850734726 0.24838760504201685 0.020417633410672573
31 0.696281512605042 0.846032482598608 0.06314600840336135 0.0187625676720806
26 0.23819327731092435 0.7882675947409126 0.013802521008403347 0.020533642691415454
28 0.31618172268907563 0.7877262180974479 0.013907563025210094 0.020286156225831062
29 0.3599474789915967 0.7876875483372003 0.013277310924369734 0.021036349574632497
33 0.29931197478991595 0.7127996906419181 0.13546218487394962 0.015336426914153076
19 0.2741701680672269 0.6680355761794277 0.0851838235294118 0.013774168600154988
20 0.2756512605042017 0.6409358081979892 0.08814075630252098 0.012343387470997709
23 0.27405462184873947 0.5402552204176334 0.08495798319327731 0.012018561484918765
21 0.2526155462184874 0.46554524361948957 0.04093487394957986 0.013379737045630457
21 0.19049894957983193 0.5780587780355763 0.0007247899159663842 0.0025212683681362863