0 0.5 0.580078125 0.7236467236467237 0.0546875
22 0.5 0.787109375 0.8048433048433048 0.314453125
25 0.12535612535612536 0.9794921875 0.03133903133903134 0.021484375
30 0.21652421652421652 0.9794921875 0.12108262108262108 0.0205078125
31 0.7421652421652422 0.9169921875 0.07977207977207977 0.0126953125
34 0.3190883190883191 0.916015625 0.30626780626780625 0.0107421875
26 0.1752136752136752 0.8828125 0.017094017094017096 0.01171875
28 0.2720797720797721 0.8828125 0.018518518518518517 0.01171875
29 0.3262108262108262 0.8828125 0.01566951566951567 0.0126953125
33 0.25071225071225073 0.83984375 0.16809116809116809 0.0087890625
19 0.21937321937321938 0.8134765625 0.10398860398860399 0.0068359375
20 0.2222222222222222 0.7978515625 0.10968660968660969 0.009765625
23 0.21937321937321938 0.740234375 0.10398860398860399 0.0068359375
21 0.19230769230769232 0.697265625 0.05270655270655271 0.0078125