22 0.5837710084033614 0.5003866976024749 0.37237394957983194 0.954369682907966
34 0.7326680672268907 0.2842227378190255 0.01365546218487395 0.365815931941222
31 0.7350315126050421 0.7888631090487239 0.012605042016806723 0.09280742459396751
26 0.695640756302521 0.11446249033255994 0.014180672268907563 0.020108275328692964
28 0.6953781512605042 0.22931167826759474 0.01365546218487395 0.020108275328692964
29 0.6953781512605042 0.29389017788089716 0.014180672268907563 0.019334880123743233
33 0.6444327731092437 0.2045630317092034 0.01050420168067227 0.19953596287703015
19 0.614233193277311 0.1674400618716164 0.009453781512605041 0.12529002320185614
20 0.5955882352941176 0.1697602474864656 0.008403361344537815 0.12993039443155452
23 0.5273109243697479 0.1674400618716164 0.008403361344537815 0.12529002320185614
21 0.47662815126050423 0.1357308584686775 0.008928571428571428 0.060324825986078884
21 0.553046218487395 0.04408352668213457 0.0015756302521008404 0.0007733952049497294