5 0.7829232995658466 0.0712890625 0.1678726483357453 0.0205078125
9 0.7568740955137482 0.0478515625 0.05788712011577424 0.0087890625
32 0.4963820549927641 0.1044921875 0.7409551374819102 0.0244140625
1 0.4963820549927641 0.2041015625 0.9913169319826338 0.1689453125
8 0.170767004341534 0.1064453125 0.02894356005788712 0.0087890625
17 0.2633863965267728 0.1064453125 0.11722141823444283 0.017578125
4 0.38929088277858176 0.10546875 0.11866859623733719 0.0166015625
12 0.507959479015919 0.1064453125 0.04486251808972504 0.009765625
10 0.3661360347322721 0.3447265625 0.06222865412445731 0.009765625
16 0.6700434153400868 0.341796875 0.053545586107091175 0.0146484375
3 0.4384949348769899 0.009765625 0.8567293777134588 0.0185546875
30 0.04775687409551375 0.009765625 0.06801736613603473 0.009765625