25 0.15289256198347106 0.986328125 0.03305785123966942 0.0205078125
22 0.5013774104683195 0.802734375 0.7479338842975206 0.3173828125
34 0.5964187327823691 0.9375 0.05234159779614325 0.0087890625
26 0.16804407713498623 0.916015625 0.013774104683195593 0.0107421875
28 0.2493112947658402 0.916015625 0.01790633608815427 0.01171875
29 0.290633608815427 0.916015625 0.01928374655647383 0.01171875
24 0.3677685950413223 0.916015625 0.01652892561983471 0.0107421875
27 0.512396694214876 0.916015625 0.01790633608815427 0.0107421875
20 0.24242424242424243 0.884765625 0.16115702479338842 0.0078125
20 0.4380165289256198 0.1376953125 0.0881542699724518 0.025390625
31 0.6680440771349863 0.9375 0.07575757575757576 0.0087890625
33 0.21763085399449036 0.875 0.1115702479338843 0.0087890625
19 0.20798898071625344 0.865234375 0.09228650137741047 0.0078125
30 0.22727272727272727 0.9873046875 0.08539944903581267 0.015625