1 0.5 0.30078125 1 0.2353515625
32 0.4889807162534435 0.1630859375 0.7079889807162535 0.03515625
15 0.8195592286501377 0.1669921875 0.03994490358126722 0.0185546875
3 0.4931129476584022 0.01171875 0.7203856749311295 0.0234375
7 0.8415977961432507 0.0107421875 0.02066115702479339 0.0166015625
31 0.4228650137741047 0.03125 0.024793388429752067 0.0068359375
8 0.38705234159779617 0.03125 0.024793388429752067 0.005859375
14 0.4669421487603306 0.03125 0.03856749311294766 0.0078125
9 0.5110192837465565 0.03125 0.026170798898071626 0.0078125
2 0.9841597796143251 0.1123046875 0.03168044077134986 0.091796875
5 0.48760330578512395 0.1298828125 0.3650137741046832 0.021484375
17 0.18319559228650137 0.1669921875 0.09228650137741047 0.0244140625
4 0.27548209366391185 0.166015625 0.05785123966942149 0.0234375
12 0.38016528925619836 0.166015625 0.06887052341597796 0.009765625
16 0.5619834710743802 0.4873046875 0.05922865013774105 0.0166015625
11 0.5013774104683195 0.533203125 0.07713498622589532 0.017578125
17 0.5165289256198347 0.9521484375 0.22451790633608815 0.0107421875
30 0.1887052341597796 0.0107421875 0.10743801652892562 0.01953125