22 0.5 0.80078125 0.7506887052341598 0.31640625
34 0.5964187327823691 0.9375 0.05234159779614325 0.009765625
25 0.15289256198347106 0.986328125 0.03443526170798898 0.0234375
20 0.24104683195592286 0.8837890625 0.162534435261708 0.0087890625
20 0.44077134986225897 0.138671875 0.09090909090909091 0.0244140625
31 0.6680440771349863 0.9365234375 0.07713498622589532 0.0087890625
26 0.16804407713498623 0.916015625 0.013774104683195593 0.0107421875
28 0.2493112947658402 0.916015625 0.015151515151515152 0.0107421875
29 0.290633608815427 0.916015625 0.02066115702479339 0.01171875
24 0.3677685950413223 0.916015625 0.01652892561983471 0.0107421875
27 0.512396694214876 0.916015625 0.01652892561983471 0.0126953125
33 0.21763085399449036 0.875 0.1115702479338843 0.0078125
19 0.20798898071625344 0.865234375 0.09228650137741047 0.0078125
30 0.22865013774104684 0.9873046875 0.08539944903581267 0.017578125
23 0.23140495867768596 0.75390625 0.14325068870523416 0.0087890625