1 0.5 0.3017578125 1 0.2333984375
32 0.49173553719008267 0.1640625 0.7107438016528925 0.03515625
12 0.3787878787878788 0.166015625 0.07162534435261708 0.0087890625
15 0.8209366391184573 0.166015625 0.03856749311294766 0.017578125
2 0.9841597796143251 0.1123046875 0.03168044077134986 0.091796875
3 0.49449035812672176 0.01171875 0.7203856749311295 0.0234375
7 0.8402203856749312 0.01171875 0.02066115702479339 0.015625
8 0.38705234159779617 0.03125 0.027548209366391185 0.0087890625
31 0.4283746556473829 0.03125 0.03581267217630854 0.0078125
14 0.47107438016528924 0.0302734375 0.048209366391184574 0.0087890625
9 0.5151515151515151 0.03125 0.03443526170798898 0.0087890625
5 0.48760330578512395 0.1298828125 0.36639118457300274 0.0234375
17 0.18319559228650137 0.166015625 0.09504132231404959 0.0224609375
4 0.27548209366391185 0.166015625 0.06060606060606061 0.021484375
16 0.5619834710743802 0.48828125 0.05922865013774105 0.015625
17 0.5179063360881543 0.953125 0.22865013774104684 0.009765625
30 0.1887052341597796 0.009765625 0.10743801652892562 0.015625
11 0.5013774104683195 0.5341796875 0.07713498622589532 0.0146484375