1 0.5006887052341598 0.2998046875 0.9986225895316805 0.236328125
2 0.9848484848484849 0.111328125 0.030303030303030304 0.08984375
3 0.49449035812672176 0.0126953125 0.7176308539944903 0.0224609375
7 0.8402203856749312 0.01171875 0.02066115702479339 0.0146484375
8 0.38705234159779617 0.0302734375 0.026170798898071626 0.0078125
31 0.42424242424242425 0.03125 0.028925619834710745 0.0087890625
14 0.4669421487603306 0.03125 0.03994490358126722 0.0087890625
9 0.509641873278237 0.03125 0.027548209366391185 0.0078125
5 0.48622589531680444 0.1298828125 0.36363636363636365 0.0224609375
32 0.48622589531680444 0.1630859375 0.709366391184573 0.0341796875
17 0.18457300275482094 0.166015625 0.09641873278236915 0.025390625
4 0.27548209366391185 0.166015625 0.06060606060606061 0.021484375
12 0.3787878787878788 0.166015625 0.07024793388429752 0.0087890625
15 0.8195592286501377 0.1669921875 0.03856749311294766 0.0185546875
16 0.5619834710743802 0.486328125 0.05922865013774105 0.0166015625
11 0.5027548209366391 0.533203125 0.0881542699724518 0.0146484375
17 0.5179063360881543 0.9521484375 0.22727272727272727 0.009765625
30 0.19008264462809918 0.0107421875 0.1046831955922865 0.017578125