25 0.15426997245179064 0.986328125 0.03168044077134986 0.0234375
20 0.44352617079889806 0.1376953125 0.09917355371900827 0.025390625
22 0.5 0.8017578125 0.7479338842975206 0.318359375
31 0.6680440771349863 0.9375 0.07300275482093664 0.0087890625
34 0.5964187327823691 0.9375 0.049586776859504134 0.0087890625
20 0.24104683195592286 0.8837890625 0.15977961432506887 0.0087890625
33 0.21763085399449036 0.875 0.11294765840220386 0.0078125
19 0.20798898071625344 0.8642578125 0.09504132231404959 0.0078125
24 0.3677685950413223 0.916015625 0.015151515151515152 0.0107421875
27 0.512396694214876 0.9169921875 0.015151515151515152 0.01171875
29 0.290633608815427 0.916015625 0.01928374655647383 0.0107421875
28 0.2493112947658402 0.9169921875 0.01652892561983471 0.01171875
26 0.16804407713498623 0.916015625 0.012396694214876033 0.0107421875
23 0.23002754820936638 0.75390625 0.1418732782369146 0.0087890625
20 0.24793388429752067 0.841796875 0.17768595041322313 0.009765625
30 0.22727272727272727 0.986328125 0.08677685950413223 0.0166015625