25 0.15426997245179064 0.9873046875 0.03305785123966942 0.0234375
20 0.4380165289256198 0.138671875 0.0881542699724518 0.0263671875
22 0.5013774104683195 0.8017578125 0.7493112947658402 0.3193359375
31 0.6680440771349863 0.9375 0.0743801652892562 0.0078125
34 0.5950413223140496 0.9375 0.05096418732782369 0.0107421875
26 0.16804407713498623 0.916015625 0.013774104683195593 0.0107421875
28 0.2493112947658402 0.916015625 0.015151515151515152 0.009765625
29 0.290633608815427 0.916015625 0.01928374655647383 0.0107421875
27 0.512396694214876 0.916015625 0.01790633608815427 0.0107421875
20 0.24242424242424243 0.8837890625 0.16115702479338842 0.0087890625
33 0.21763085399449036 0.875 0.11294765840220386 0.0078125
19 0.2066115702479339 0.865234375 0.09228650137741047 0.0078125
23 0.23140495867768596 0.7548828125 0.13911845730027547 0.0087890625
29 0.44214876033057854 0.30859375 0.03994490358126722 0.01953125
29 0.17355371900826447 0.3046875 0.03856749311294766 0.01953125
30 0.22727272727272727 0.9873046875 0.08677685950413223 0.017578125