1 0.5 0.30078125 1 0.236328125
3 0.49449035812672176 0.01171875 0.7203856749311295 0.0234375
7 0.8402203856749312 0.0107421875 0.02066115702479339 0.015625
8 0.38705234159779617 0.03125 0.028925619834710745 0.0068359375
31 0.4228650137741047 0.03125 0.028925619834710745 0.0087890625
14 0.4669421487603306 0.0302734375 0.03856749311294766 0.0078125
9 0.509641873278237 0.0302734375 0.030303030303030304 0.009765625
2 0.9848484848484849 0.111328125 0.030303030303030304 0.091796875
32 0.48760330578512395 0.1630859375 0.709366391184573 0.03515625
17 0.18319559228650137 0.1669921875 0.09641873278236915 0.0234375
4 0.27548209366391185 0.1650390625 0.06060606060606061 0.0234375
12 0.3774104683195592 0.1669921875 0.07162534435261708 0.009765625
15 0.8195592286501377 0.166015625 0.0371900826446281 0.0166015625
5 0.48760330578512395 0.1279296875 0.3677685950413223 0.0224609375
16 0.5619834710743802 0.48828125 0.05922865013774105 0.017578125
11 0.5013774104683195 0.5322265625 0.07851239669421488 0.015625
17 0.5179063360881543 0.9521484375 0.22451790633608815 0.01171875