22 0.49984768907563026 0.7636870951669157 0.6480987394957983 0.3391031390134529
18 0.9836817226890756 0.9777977080219233 0.025362394957983175 0.024922770303936442
17 0.5340178571428571 0.8986696562032885 0.06579306722689075 0.01161933233682098
31 0.2620430672268908 0.8996960637767812 0.06619747899159661 0.011933233682112515
25 0.19841911764705883 0.9700049825610365 0.023750000000000014 0.022331838565022275
30 0.2718329831932773 0.9690732436472346 0.0957615546218487 0.020468360737419
26 0.23827731092436974 0.8626357747882412 0.014196428571428558 0.013597409068261068
28 0.31595063025210085 0.8624165421026407 0.0138918067226891 0.013153961136023734
29 0.38340336134453784 0.8626357747882412 0.014290966386554641 0.013597409068261068
27 0.4553203781512605 0.8630293971101145 0.014222689075630214 0.01326357747882406
23 0.27451155462184873 0.7084354758345789 0.08548844537815126 0.009990034877927345
21 0.2610084033613445 0.6673741903338316 0.060824579831932804 0.009217737917289488
20 0.28406512605042017 0.7558993522670654 0.10595063025210084 0.010986547085201885
16 0.4995798319327731 0.4028001993024415 0.23334033613445387 0.0215645241654209