3 0.4966018907563025 0.015917460317460316 0.5952626050420169 0.031580952380952376
30 0.23623949579831932 0.016234920634920637 0.07350315126050416 0.02091428571428571
7 0.7847268907563024 0.015104761904761904 0.015693277310924427 0.01614603174603174
5 0.6858665966386556 0.07753650793650795 0.21258403361344524 0.031796825396825386
9 0.7647899159663866 0.050749206349206356 0.05058298319327728 0.012107936507936503
32 0.4959296218487395 0.11984761904761904 0.5658771008403363 0.0395936507936508
8 0.22523634453781513 0.1207936507936508 0.022415966386554596 0.011599999999999989
17 0.3004149159663866 0.1263174603174603 0.10215336134453781 0.02264126984126982
4 0.44225840336134453 0.12537777777777778 0.10753151260504203 0.024526984126984123
12 0.5857720588235293 0.12073015873015873 0.04562499999999994 0.012730158730158737
6 0.6461029411764706 0.12694603174603175 0.0520535714285715 0.02139047619047619
16 0.7156722689075631 0.126 0.06242647058823536 0.023269841269841256
5 0.274453781512605 0.3474031746031746 0.12915441176470593 0.029193650793650806
2 0.9863813025210084 0.6456253968253969 0.02723214285714281 0.09406984126984132
16 0.24377626050420168 0.21193015873015875 0.08487920168067221 0.022736507936507975
16 0.2608718487394958 0.18074285714285715 0.04158613445378149 0.01508571428571428
5 0.7804989495798319 0.07785396825396826 0.020798319327731046 0.026933333333333344
5 0.3305199579831932 0.34410793650793653 0.017048319327731112 0.021352380952381022