18 0.9749369747899159 0.9603393025447692 0.03049894957983202 0.05284637134778483
22 0.4952731092436975 0.7318567389255419 0.6491596638655462 0.5362865221489161
26 0.23423319327731093 0.9751178133836003 0.014290966386554641 0.024288407163054134
28 0.3115913865546218 0.9756927426955703 0.013214285714285757 0.025438265786993198
29 0.3784191176470588 0.9750706880301604 0.014002100840336177 0.02514608859566474
27 0.4505514705882353 0.9748821866163996 0.013140756302521 0.02476908576814302
33 0.2952100840336135 0.8034684260131951 0.13731617647058825 0.01610744580584368
20 0.2799002100840336 0.7724787935909518 0.10562499999999994 0.022120640904806598
23 0.27013655462184877 0.683722902921772 0.08503151260504206 0.017332704995287343
21 0.256906512605042 0.6060414703110273 0.060703781512605005 0.01575871819038624
16 0.49477941176470586 0.10401508011310076 0.23377626050420175 0.03923656927426966