3 0.7649684873949579 0.5 0.026785714285714284 1
30 0.7654936974789915 0.9557021677662583 0.017331932773109245 0.0885956644674835
7 0.7657563025210085 0.003770028275212064 0.015756302521008403 0.007540056550424128
5 0.7142857142857143 0.1823751178133836 0.026260504201680673 0.3647502356267672
9 0.7363445378151261 0.03864278982092366 0.011554621848739496 0.07728557964184732
32 0.6746323529411765 0.5032987747408105 0.02468487394957983 0.9934024505183789
8 0.6785714285714286 0.9896324222431668 0.008403361344537815 0.020735155513666354
17 0.6741071428571429 0.8675777568331763 0.019432773109243698 0.18190386427898209
4 0.6743697478991597 0.6112158341187559 0.02100840336134454 0.18944392082940623
12 0.678046218487395 0.353440150801131 0.01365546218487395 0.08294062205466542
6 0.6751575630252101 0.24458058435438265 0.01995798319327731 0.09613572101790764
16 0.6746323529411765 0.12205466540999058 0.018907563025210083 0.10838831291234684
5 0.5672268907563025 0.410933081998115 0.01207983193277311 0.019792648444863337
5 0.7137605042016807 0.0117813383600377 0.02100840336134454 0.0235626767200754