22 0.5002626050420168 0.23642252117588441 0.648109243697479 0.3393124065769806
18 0.016281512605042018 0.022172396611858495 0.025210084033613446 0.02491280518186348
17 0.46586134453781514 0.10139511709018435 0.06565126050420168 0.0114598903836572
31 0.7379201680672269 0.10039860488290982 0.0661764705882353 0.01195814648729447
25 0.8014705882352942 0.029895366218236172 0.023634453781512604 0.02242152466367713
30 0.728203781512605 0.03089187842551071 0.09558823529411764 0.02042850024912805
26 0.7618172268907563 0.13726955655206777 0.014180672268907563 0.013452914798206279
28 0.6840861344537815 0.1375186846038864 0.01365546218487395 0.012954658694569009
29 0.6165966386554622 0.13726955655206777 0.014180672268907563 0.013452914798206279
27 0.5446428571428571 0.13702042850024912 0.014180672268907563 0.013452914798206279
23 0.725577731092437 0.2914798206278027 0.08560924369747899 0.009965122072745391
21 0.7389705882352942 0.3325859491778774 0.06092436974789916 0.009466865969108122
20 0.7158613445378151 0.24414549078226208 0.10609243697478991 0.01096163428001993
16 0.5005252100840336 0.5971599402092675 0.23319327731092437 0.02142501245640259