3 0.5031512605042017 0.9872944693572496 0.5961134453781513 0.025411061285500747
30 0.7628676470588235 0.9880418535127056 0.07352941176470588 0.017438963627304436
7 0.21533613445378152 0.9885401096163428 0.013130252100840336 0.013452914798206279
5 0.31381302521008403 0.9384653712007972 0.21271008403361344 0.023418036870951668
9 0.2347689075630252 0.9593921275535625 0.05042016806722689 0.009466865969108122
32 0.5042016806722689 0.9043348281016442 0.5656512605042017 0.03188839063278525
8 0.7738970588235294 0.9050822122571002 0.023109243697478993 0.009466865969108122
17 0.6998424369747899 0.9000996512207274 0.10084033613445378 0.01943198804185351
4 0.5575105042016807 0.9013452914798207 0.10609243697478991 0.017937219730941704
12 0.41465336134453784 0.9048330842052815 0.045168067226890755 0.01096163428001993
6 0.35267857142857145 0.9003487792725461 0.051470588235294115 0.019930244145490782
16 0.2849264705882353 0.901096163428002 0.06355042016806722 0.017937219730941704
5 0.44616596638655465 0.7992027902341804 0.011029411764705883 0.01096163428001993
2 0.013392857142857142 0.3654708520179372 0.026785714285714284 0.07424015944195317