3 0.5034138655462185 0.015873015873015872 0.595063025210084 0.031746031746031744
30 0.7636554621848739 0.01619047619047619 0.07352941176470588 0.02095238095238095
7 0.21533613445378152 0.015238095238095238 0.015756302521008403 0.015873015873015872
5 0.31407563025210083 0.07746031746031747 0.21271008403361344 0.031746031746031744
9 0.23529411764705882 0.050793650793650794 0.05042016806722689 0.012063492063492064
32 0.5042016806722689 0.12 0.5656512605042017 0.03936507936507937
8 0.7746848739495799 0.12063492063492064 0.022584033613445378 0.011428571428571429
17 0.6995798319327731 0.12634920634920635 0.10189075630252101 0.022857142857142857
4 0.5577731092436975 0.1253968253968254 0.10766806722689076 0.024761904761904763
12 0.41412815126050423 0.12063492063492064 0.04569327731092437 0.012698412698412698
6 0.3539915966386555 0.12698412698412698 0.051995798319327734 0.02158730158730159
16 0.28440126050420167 0.12603174603174602 0.0625 0.02349206349206349
5 0.725577731092437 0.3473015873015873 0.12920168067226892 0.029206349206349208
2 0.01365546218487395 0.6457142857142857 0.0273109243697479 0.09396825396825396
16 0.7563025210084033 0.21206349206349207 0.08508403361344538 0.022857142857142857
16 0.739233193277311 0.18063492063492065 0.04149159663865546 0.015238095238095238
5 0.21953781512605042 0.07777777777777778 0.02100840336134454 0.02666666666666667
5 0.6693802521008403 0.3441269841269841 0.01680672268907563 0.02158730158730159