3 0.20141806722689076 0.4936868686868687 0.025735294117647058 0.9545454545454546
30 0.20036764705882354 0.07828282828282829 0.018907563025210083 0.11868686868686869
7 0.20010504201680673 0.9566498316498316 0.014705882352941176 0.02356902356902357
5 0.25262605042016806 0.7971380471380471 0.02415966386554622 0.3400673400673401
9 0.23056722689075632 0.9259259259259259 0.009978991596638655 0.07828282828282829
32 0.28991596638655465 0.4957912457912458 0.0351890756302521 0.9057239057239057
8 0.28834033613445376 0.06018518518518518 0.008403361344537815 0.037037037037037035
17 0.2925420168067227 0.17971380471380471 0.01995798319327731 0.16582491582491582
4 0.2922794117647059 0.4086700336700337 0.019432773109243698 0.17087542087542087
12 0.28834033613445376 0.6367845117845118 0.009978991596638655 0.07323232323232323
6 0.2928046218487395 0.7348484848484849 0.01838235294117647 0.08333333333333333
16 0.2933298319327731 0.8446969696969697 0.02100840336134454 0.09848484848484848
16 0.8033088235294118 0.49873737373737376 0.017331932773109245 0.3779461279461279