3 0.5076155462184874 0.9759660697455231 0.5961134453781513 0.04806786050895382
30 0.7665441176470589 0.9769085768143261 0.07457983193277311 0.03110273327049953
7 0.21875 0.9773798303487277 0.014180672268907563 0.02827521206409048
5 0.3182773109243697 0.8845428840716305 0.21323529411764705 0.0471253534401508
9 0.23923319327731093 0.9241281809613572 0.05042016806722689 0.020735155513666354
32 0.5084033613445378 0.8133836003770029 0.5661764705882353 0.04429783223374175
8 0.7794117647058824 0.820923656927427 0.02415966386554622 0.015080113100848256
17 0.7048319327731093 0.8124410933081998 0.1013655462184874 0.034872761545711596
4 0.5619747899159664 0.8133836003770029 0.1055672268907563 0.03770028275212064
12 0.4183298319327731 0.8195098963242224 0.046218487394957986 0.024505183788878417
6 0.35766806722689076 0.8143261074458058 0.05357142857142857 0.03581526861451461
16 0.28939075630252103 0.8133836003770029 0.06039915966386555 0.033930254476908575
5 0.45036764705882354 0.620640904806786 0.011029411764705883 0.021677662582469368
2 0.02100840336134454 0.33270499528746467 0.02888655462184874 0.1413760603204524
5 0.22426470588235295 0.884071630537229 0.02100840336134454 0.03770028275212064