22 0.4997216386554622 0.5997643097643097 0.6487815126050421 0.5749663299663303
25 0.1983455882352941 0.95006734006734 0.02420693277310926 0.03898148148148182
30 0.27119747899159663 0.9487794612794613 0.09571953781512606 0.03527777777777766
31 0.26195903361344536 0.8301430976430977 0.0632510504201681 0.017861952861953075
17 0.5337762605042017 0.8303619528619527 0.06377100840336138 0.018308080808080808
26 0.23838235294117646 0.7687626262626263 0.01463760504201681 0.022920875420875054
28 0.3160294117647059 0.7691666666666667 0.014217436974789882 0.022095959595959596
29 0.3833823529411765 0.7685942760942762 0.014721638655462171 0.022592592592592716
27 0.45516806722689074 0.7693350168350167 0.013329831932773166 0.0224242424242427
33 0.29986869747899164 0.6172306397306397 0.14236869747899156 0.02130471380471376
20 0.2845273109243697 0.5885690235690236 0.10590336134453775 0.01882996632996624
23 0.2751050420168067 0.5089393939393938 0.08705882352941176 0.01718855218855225
21 0.2614810924369748 0.4394528619528619 0.05981092436974784 0.013670033670033487
18 0.9828781512605043 0.9644107744107743 0.025483193277310915 0.041119528619528924
16 0.4992121848739496 0.0021043771043771043 0.23581932773109243 0.004208754208754209