18 0.9832090336134454 0.9738031746031744 0.0258560924369748 0.03295873015873007
25 0.19802521008403362 0.9620126984126984 0.023324579831932757 0.028965079365079294
30 0.27162815126050416 0.9617460317460318 0.09512605042016813 0.025168253968254176
22 0.4992226890756302 0.6978285714285714 0.6489548319327729 0.4346158730158733
31 0.26247373949579833 0.8721904761904761 0.06245273109243702 0.014266666666666828
17 0.5349947478991597 0.8719746031746033 0.06528886554621846 0.013834920634920611
26 0.23837710084033614 0.8260190476190477 0.013634453781512625 0.015828571428571612
28 0.3161029411764706 0.8257714285714287 0.01397058823529407 0.01744761904761877
29 0.38350840336134456 0.8257015873015873 0.013497899159663889 0.015898412698412676
27 0.4555199579831932 0.8257714285714287 0.014070378151260485 0.01744761904761877
33 0.30026785714285714 0.7117015873015872 0.1379936974789916 0.012076190476190754
20 0.2842594537815126 0.6891492063492063 0.10657037815126055 0.014907936507936231
23 0.2745850840336134 0.6299682539682538 0.0872111344537815 0.014266666666666828
21 0.2611449579831933 0.5772126984126985 0.060919117647058825 0.010965079365079643