22 0.22216386554621848 0.5002491280518186 0.35766806722689076 0.6148480318883907
18 0.004726890756302521 0.0408570004982561 0.009453781512605041 0.02391629297458894
17 0.07983193277310924 0.4676133532635775 0.01207983193277311 0.0622820129546587
31 0.07878151260504201 0.7257100149476831 0.012605042016806723 0.06278026905829596
25 0.008140756302521009 0.7859990034877927 0.016281512605042018 0.02242152466367713
30 0.008140756302521009 0.7164922770303936 0.016281512605042018 0.09068261086198307
26 0.11764705882352941 0.7483806676631789 0.014180672268907563 0.013452914798206279
28 0.11790966386554622 0.674638764324863 0.01365546218487395 0.012954658694569009
29 0.11764705882352941 0.6106128550074739 0.014180672268907563 0.013452914798206279
27 0.1173844537815126 0.5423517688091679 0.014180672268907563 0.013452914798206279
23 0.2801995798319328 0.7140009965122073 0.01050420168067227 0.08121574489287493
21 0.3235294117647059 0.7267065271549576 0.009453781512605041 0.05779770802192327
20 0.23030462184873948 0.7047832585949177 0.011554621848739496 0.10064773293472845
16 0.6024159663865546 0.5004982561036373 0.022584033613445378 0.22122571001494767