18 0.01680672268907563 0.9736507936507937 0.025735294117647058 0.03301587301587302
25 0.8019957983193278 0.9619047619047619 0.023109243697478993 0.029206349206349208
30 0.7284663865546218 0.9619047619047619 0.09506302521008403 0.025396825396825397
22 0.5007878151260504 0.6977777777777778 0.6491596638655462 0.43492063492063493
31 0.7373949579831933 0.8720634920634921 0.0625 0.013968253968253968
17 0.4650735294117647 0.8720634920634921 0.06512605042016807 0.013968253968253968
26 0.7615546218487395 0.826031746031746 0.01365546218487395 0.015873015873015872
28 0.6838235294117647 0.8257142857142857 0.014180672268907563 0.017142857142857144
29 0.6165966386554622 0.8257142857142857 0.01365546218487395 0.015873015873015872
27 0.5443802521008403 0.8257142857142857 0.014180672268907563 0.017142857142857144
33 0.6998424369747899 0.7117460317460318 0.13813025210084034 0.012063492063492064
20 0.7158613445378151 0.6892063492063492 0.10661764705882353 0.014603174603174604
23 0.7253151260504201 0.6298412698412699 0.08718487394957983 0.013968253968253968
21 0.7389705882352942 0.5771428571428572 0.06092436974789916 0.010793650793650795