3 0.49617647058823533 0.02159090909090909 0.5956775210084034 0.04138888888888889
30 0.236764705882353 0.019873737373737373 0.07404936974789916 0.03045454545454546
7 0.7848949579831933 0.019570707070707072 0.014501050420168134 0.023863636363636358
5 0.6853991596638656 0.10336700336700337 0.21200105042016812 0.03858585858585859
9 0.7657247899159664 0.06801346801346801 0.049101890756302405 0.015833333333333335
32 0.4972531512605042 0.16332491582491582 0.5650997899159663 0.056574074074074054
8 0.2254516806722689 0.1607070707070707 0.02336659663865547 0.013872053872053888
17 0.3001628151260504 0.16766835016835016 0.10358718487394959 0.032297979797979805
4 0.4429411764705882 0.16707070707070706 0.1067436974789916 0.031102693602693594
12 0.5853518907563026 0.16092592592592594 0.04557247899159663 0.015824915824915835
6 0.6465073529411764 0.1678198653198653 0.051922268907563095 0.02960437710437712
16 0.714952731092437 0.16893939393939392 0.061638655462184944 0.03335016835016835
2 0.9863445378151261 0.6582491582491582 0.0273109243697479 0.12626262626262627
16 0.4992121848739496 0.9861111111111112 0.23581932773109243 0.027777777777777776