25 0.8820903361344538 0.8650793650793651 0.02415966386554622 0.027936507936507936
30 0.881827731092437 0.7761904761904762 0.02100840336134454 0.11492063492063492
22 0.6636029411764706 0.5009523809523809 0.3597689075630252 0.7847619047619048
31 0.8077731092436975 0.7873015873015873 0.011554621848739496 0.07555555555555556
17 0.8077731092436975 0.4577777777777778 0.011554621848739496 0.07873015873015873
26 0.7696953781512605 0.8161904761904762 0.013130252100840336 0.01650793650793651
28 0.7694327731092437 0.7222222222222222 0.014180672268907563 0.017142857142857144
29 0.7694327731092437 0.6409523809523809 0.013130252100840336 0.01650793650793651
27 0.7694327731092437 0.5536507936507936 0.014180672268907563 0.017142857142857144
33 0.6751575630252101 0.7415873015873016 0.009978991596638655 0.16698412698412698
20 0.6565126050420168 0.7609523809523809 0.01207983193277311 0.1288888888888889
23 0.6074054621848739 0.7723809523809524 0.011554621848739496 0.10539682539682539
21 0.563813025210084 0.7888888888888889 0.008928571428571428 0.07365079365079365