3 0.09952731092436974 0.5041269841269841 0.026260504201680673 0.7193650793650793
30 0.09978991596638656 0.8187301587301588 0.017331932773109245 0.08888888888888889
7 0.09900210084033613 0.15587301587301589 0.013130252100840336 0.01904761904761905
5 0.15047268907563024 0.2752380952380952 0.026260504201680673 0.2571428571428571
9 0.12841386554621848 0.18 0.009978991596638655 0.06095238095238095
32 0.18566176470588236 0.5047619047619047 0.032563025210084036 0.6838095238095238
8 0.18644957983193278 0.8320634920634921 0.009453781512605041 0.027301587301587302
17 0.19091386554621848 0.7412698412698413 0.018907563025210083 0.12317460317460317
4 0.19012605042016806 0.5698412698412698 0.020483193277310924 0.13015873015873017
12 0.18618697478991597 0.3961904761904762 0.01050420168067227 0.05523809523809524
6 0.19143907563025211 0.3234920634920635 0.017857142857142856 0.06285714285714286
16 0.19065126050420167 0.23936507936507936 0.019432773109243698 0.07555555555555556
5 0.37368697478991597 0.7726984126984127 0.02415966386554622 0.15619047619047619
16 0.2618172268907563 0.8098412698412698 0.018907563025210083 0.10285714285714286
16 0.23581932773109243 0.7892063492063492 0.012605042016806723 0.05015873015873016
5 0.15073529411764705 0.16095238095238096 0.022058823529411766 0.025396825396825397
5 0.3710609243697479 0.7047619047619048 0.017857142857142856 0.020317460317460317