3 0.7985819327731093 0.5063131313131313 0.025735294117647058 0.9545454545454546
30 0.7996323529411765 0.9217171717171717 0.018907563025210083 0.11868686868686869
7 0.7998949579831933 0.04335016835016835 0.014705882352941176 0.02356902356902357
5 0.7473739495798319 0.20286195286195285 0.02415966386554622 0.3400673400673401
9 0.7694327731092437 0.07407407407407407 0.009978991596638655 0.07828282828282829
32 0.7100840336134454 0.5042087542087542 0.0351890756302521 0.9057239057239057
8 0.7116596638655462 0.9398148148148148 0.008403361344537815 0.037037037037037035
17 0.7074579831932774 0.8202861952861953 0.01995798319327731 0.16582491582491582
4 0.7077205882352942 0.5913299663299664 0.019432773109243698 0.17087542087542087
12 0.7116596638655462 0.3632154882154882 0.009978991596638655 0.07323232323232323
6 0.7071953781512605 0.26515151515151514 0.01838235294117647 0.08333333333333333
16 0.7066701680672269 0.1553030303030303 0.02100840336134454 0.09848484848484848
16 0.19669117647058823 0.5012626262626263 0.017331932773109245 0.3779461279461279