5 0.9621848739495799 0.32336821126058796 0.02468487394957983 0.20179372197309417
9 0.9842436974789915 0.24838066766317887 0.009978991596638655 0.04783258594917788
32 0.9262079831932774 0.5039860488290981 0.03361344537815126 0.5366218236173393
8 0.9269957983193278 0.759840558046836 0.009978991596638655 0.02192326856003986
17 0.9217436974789915 0.6895864474339811 0.020483193277310924 0.09566517189835576
4 0.9230567226890757 0.554559043348281 0.018907563025210083 0.10064773293472845
12 0.926733193277311 0.4190333831589437 0.011554621848739496 0.04285002491280518
6 0.9220063025210085 0.3602391629297459 0.02100840336134454 0.048829098156452415
16 0.9227941176470589 0.29596412556053814 0.018907563025210083 0.06028898854010962
5 0.8153886554621849 0.44892874937717986 0.011554621848739496 0.01046337817638266
2 0.3581932773109244 0.038365719980069754 0.0782563025210084 0.025411061285500747