3 0.49676470588235294 0.012780269058295964 0.5958665966386555 0.025560538116591928
30 0.23711134453781513 0.011913303437967116 0.07331932773109245 0.017473841554559045
7 0.7847478991596639 0.011454907822620826 0.012983193277310819 0.013477827603388143
5 0.6860871848739496 0.06143497757847533 0.21289390756302518 0.023283507722969603
9 0.7651470588235294 0.04059292476332835 0.05045693277310933 0.009262580966616843
32 0.49579306722689076 0.09564025909317389 0.5658403361344538 0.03193821624314899
8 0.22598739495798317 0.09499750871948182 0.022993697478991583 0.009466865969108122
17 0.3001207983193277 0.09991529646238166 0.10106092436974794 0.01929247633283506
4 0.442405462184874 0.09863477827603388 0.10590336134453787 0.01775784753363228
12 0.5854464285714286 0.09515196811160936 0.04529936974789916 0.010797209765819639
6 0.6472689075630252 0.09965620328849029 0.051228991596638636 0.019805680119581465
16 0.7149842436974789 0.09883906327852517 0.0635294117647059 0.018171400099651236
5 0.55375 0.2007523667164923 0.011071428571428532 0.010936721474838089
2 0.9866176470588235 0.6345789735924264 0.02676470588235296 0.07448430493273532