3 0.4924159663865546 0.02409990574929312 0.5962447478991597 0.04819038642789822
30 0.23352941176470587 0.023100848256361925 0.07442226890756305 0.03131950989632422
7 0.7811292016806722 0.0224693685202639 0.013965336134453858 0.028237511781338362
5 0.6816018907563025 0.11536286522148917 0.2130147058823529 0.047049952874646576
9 0.7607457983193278 0.07572101790763432 0.0506827731092437 0.020405278039585303
32 0.49160714285714285 0.1864938737040528 0.5663077731092437 0.044099905749293136
8 0.22058298319327732 0.17923656927426954 0.024259453781512633 0.015070688030160234
17 0.29516806722689076 0.1873986804901037 0.10161764705882353 0.0350235626767201
4 0.43812500000000004 0.18685202639019793 0.10534138655462182 0.03756833176248823
12 0.5816386554621849 0.18032987747408108 0.046460084033613465 0.024505183788878417
6 0.6423686974789916 0.18576814326107446 0.05362920168067233 0.035391140433553264
16 0.7105304621848739 0.18667295004712536 0.060498949579831963 0.03358152686145146
5 0.5496796218487394 0.3793402450518379 0.01086659663865549 0.02141376060320455
2 0.9789968487394958 0.6674363807728557 0.028949579831932717 0.14118755890669177
5 0.7758193277310925 0.11607917059377945 0.02105567226890764 0.03773798303487278