18 0.02494747899159664 0.03958529688972667 0.03046218487394958 0.0527803958529689
22 0.5047268907563025 0.2681432610744581 0.6491596638655462 0.5362865221489161
26 0.7657563025210085 0.024976437323279924 0.014180672268907563 0.024505183788878417
28 0.6882878151260504 0.024505183788878417 0.013130252100840336 0.02544769085768143
29 0.6215861344537815 0.024976437323279924 0.014180672268907563 0.02544769085768143
27 0.5493697478991597 0.024976437323279924 0.013130252100840336 0.024505183788878417
33 0.7048319327731093 0.19651272384542884 0.13707983193277312 0.016022620169651274
20 0.720063025210084 0.22761545711592837 0.1055672268907563 0.021677662582469368
23 0.7297794117647058 0.31621112158341186 0.08508403361344538 0.016965127238454288
21 0.743172268907563 0.3939679547596607 0.06092436974789916 0.016022620169651274
16 0.5052521008403361 0.8958529688972667 0.23371848739495799 0.03958529688972667