22 0.4377626050420168 0.5 0.358718487394958 1
25 0.2190126050420168 0.9819023569023569 0.02415966386554622 0.0361952861952862
30 0.22006302521008403 0.8665824915824916 0.022058823529411766 0.1531986531986532
31 0.29411764705882354 0.8813131313131313 0.011029411764705883 0.10101010101010101
17 0.29385504201680673 0.4457070707070707 0.011554621848739496 0.10185185185185185
26 0.3321953781512605 0.9191919191919192 0.014180672268907563 0.02356902356902357
28 0.3319327731092437 0.79503367003367 0.01365546218487395 0.022727272727272728
29 0.3324579831932773 0.6868686868686869 0.014180672268907563 0.02356902356902357
27 0.3319327731092437 0.571969696969697 0.014180672268907563 0.021043771043771045
33 0.4267331932773109 0.8207070707070707 0.013130252100840336 0.2281144781144781
20 0.44485294117647056 0.8455387205387206 0.011554621848739496 0.17003367003367004
23 0.4944852941176471 0.8602693602693603 0.01050420168067227 0.13973063973063973
21 0.5378151260504201 0.8821548821548821 0.008403361344537815 0.09595959595959595
16 0.8106617647058824 0.5012626262626263 0.0026260504201680674 0.3779461279461279