22 0.18566176470588236 0.5 0.30409663865546216 0.5678217821782178
31 0.0664390756302521 0.6524752475247525 0.009978991596638655 0.05247524752475247
17 0.0661764705882353 0.598019801980198 0.008928571428571428 0.05247524752475247
26 0.09191176470588236 0.7537128712871287 0.01523109243697479 0.013861386138613862
28 0.09217436974789917 0.6975247524752475 0.01523109243697479 0.01287128712871287
29 0.09269957983193278 0.6717821782178218 0.014705882352941176 0.01287128712871287
27 0.09243697478991597 0.6198019801980198 0.014705882352941176 0.013366336633663366
33 0.13629201680672268 0.7153465346534653 0.009978991596638655 0.09851485148514852
23 0.22400210084033614 0.7242574257425742 0.008928571428571428 0.0801980198019802
21 0.27468487394957986 0.745049504950495 0.009453781512605041 0.03811881188118812
18 0.0031512605042016808 0.04381188118811881 0.0063025210084033615 0.02821782178217822
34 0.0664390756302521 0.698019801980198 0.01365546218487395 0.034653465346534656