22 0.5005252100840336 0.7724765581908439 0.6060924369747899 0.3237727523441809
18 0.016544117647058824 0.97573083287369 0.02888655462184874 0.031991174848317705
26 0.7694327731092437 0.870380584666299 0.014705882352941176 0.015444015444015444
28 0.7095588235294118 0.8698290126861555 0.014180672268907563 0.015444015444015444
29 0.6822478991596639 0.870380584666299 0.014180672268907563 0.015995587424158852
27 0.6278886554621849 0.870380584666299 0.014705882352941176 0.015995587424158852
31 0.6617647058823529 0.8979591836734694 0.05514705882352941 0.009928295642581356
17 0.6039915966386554 0.8979591836734694 0.05567226890756303 0.00882515168229454
33 0.728203781512605 0.8243243243243243 0.10451680672268908 0.009928295642581356
23 0.7381827731092437 0.7327633756205185 0.08508403361344538 0.00882515168229454
21 0.7599789915966386 0.6784335355763927 0.03991596638655462 0.009376723662437948
15 0.7337184873949579 0.2471042471042471 0.06985294117647059 0.011583011583011582
11 0.7497373949579832 0.2909542195256481 0.037289915966386554 0.011583011583011582
15 0.7534138655462185 0.2713734142305571 0.029411764705882353 0.009376723662437948
16 0.7321428571428571 0.5648097076668506 0.0940126050420168 0.011583011583011582
34 0.7095588235294118 0.8982349696635411 0.03413865546218487 0.009376723662437948