5 0.9745273109243697 0.32475247524752476 0.023634453781512604 0.201980198019802
9 0.9913340336134454 0.24801980198019802 0.009978991596638655 0.043069306930693066
32 0.8991596638655462 0.49975247524752475 0.023109243697478993 0.5202970297029703
8 0.8988970588235294 0.7497524752475248 0.008928571428571428 0.019801980198019802
17 0.8996848739495799 0.6804455445544555 0.02100840336134454 0.08316831683168317
4 0.899422268907563 0.575990099009901 0.013130252100840336 0.09108910891089109
12 0.8991596638655462 0.49034653465346534 0.011029411764705883 0.039603960396039604
15 0.8991596638655462 0.35544554455445543 0.01207983193277311 0.057920792079207924
16 0.8978466386554622 0.2732673267326733 0.011029411764705883 0.06683168316831684
8 0.8534663865546218 0.7571782178217822 0.009453781512605041 0.02128712871287129
2 0.3285189075630252 0.040594059405940595 0.1334033613445378 0.023762376237623763
11 0.8264180672268907 0.746039603960396 0.015756302521008403 0.0594059405940594