3 0.5007878151260504 0.9878712871287129 0.5808823529411765 0.024257425742574258
30 0.7602415966386554 0.9881188118811881 0.05777310924369748 0.014356435643564357
7 0.21769957983193278 0.9883663366336634 0.014180672268907563 0.013861386138613862
5 0.31407563025210083 0.9472772277227722 0.21428571428571427 0.022277227722772276
9 0.23266806722689076 0.9631188118811881 0.04569327731092437 0.009405940594059406
32 0.4997373949579832 0.8762376237623762 0.5519957983193278 0.02178217821782178
8 0.7649684873949579 0.875990099009901 0.02100840336134454 0.008415841584158416
17 0.6914390756302521 0.8767326732673267 0.08823529411764706 0.019801980198019802
4 0.5806197478991597 0.8764851485148515 0.09663865546218488 0.012376237623762377
12 0.4897584033613445 0.8762376237623762 0.04201680672268908 0.010396039603960397
15 0.34663865546218486 0.8762376237623762 0.06144957983193277 0.011386138613861386
16 0.25945378151260506 0.875 0.07090336134453781 0.010396039603960397
8 0.7728466386554622 0.8331683168316831 0.022584033613445378 0.00891089108910891
2 0.012605042016806723 0.3383663366336634 0.025210084033613446 0.12574257425742574
11 0.7610294117647058 0.8076732673267327 0.06302521008403361 0.01485148514851485