22 0.5001102941176471 0.7962772277227723 0.6023844537815126 0.2865643564356434
31 0.3381512605042017 0.9086930693069306 0.05545168067226887 0.00931188118811901
17 0.3959821428571429 0.9088168316831683 0.05591386554621851 0.00865841584158405
26 0.23080882352941176 0.8846930693069307 0.01475840336134455 0.014475247524752367
28 0.29049894957983197 0.8844554455445545 0.013644957983193286 0.0141435643564355
29 0.3178256302521008 0.8839653465346535 0.013834033613445335 0.01392574257425748
27 0.3728308823529412 0.8841782178217822 0.013949579831932745 0.013900990099009865
33 0.27150210084033616 0.8428217821782178 0.10434348739495802 0.0093267326732674
23 0.26196953781512605 0.7602524752475248 0.08527310924369749 0.008643564356435662
21 0.2399264705882353 0.7124851485148513 0.04022584033613447 0.008970297029702916
18 0.9840126050420168 0.9792524752475248 0.029984243697479068 0.028391089108911072
34 0.2898529411764706 0.9087673267326732 0.036859243697479026 0.01263366336633685