3 0.5005252100840336 0.014065085493656922 0.5824579831932774 0.02702702702702703
30 0.760766806722689 0.012410369553226696 0.05724789915966386 0.01709873138444567
7 0.21796218487394958 0.0126861555432984 0.014705882352941176 0.015444015444015444
5 0.31407563025210083 0.058190843905129616 0.21323529411764705 0.024269167126309985
9 0.23266806722689076 0.04109211252068395 0.046218487394957986 0.007722007722007722
32 0.4994747899159664 0.13485934914506342 0.5525210084033614 0.03474903474903475
8 0.7647058823529411 0.1381687810259239 0.020483193277310924 0.010479867622724766
17 0.6909138655462185 0.1387203530060673 0.08876050420168068 0.02151130722559294
4 0.5793067226890757 0.13761720904578048 0.0976890756302521 0.011583011583011582
12 0.4884453781512605 0.13844456701599558 0.044642857142857144 0.011031439602868174
15 0.34558823529411764 0.138996138996139 0.06407563025210083 0.013237727523441808
16 0.25945378151260506 0.13734142305570876 0.06880252100840337 0.011583011583011582
31 0.725577731092437 0.18505239933811363 0.05514705882352941 0.010479867622724766
2 0.012342436974789915 0.6687810259238831 0.02468487394957983 0.14175399889685603
31 0.7373949579831933 0.2153888582460011 0.11292016806722689 0.019856591285162713
5 0.2184873949579832 0.05763927192498621 0.017857142857142856 0.01820187534473249
8 0.7647058823529411 0.3546607832322118 0.028361344537815126 0.015444015444015444
17 0.6672794117647058 0.3816878102592388 0.22111344537815125 0.013789299503585218
4 0.711922268907563 0.40899062327633756 0.11397058823529412 0.0126861555432984
16 0.7274159663865546 0.47186982901268615 0.08245798319327731 0.012134583563154992
34 0.7108718487394958 0.6657473800330943 0.11554621848739496 0.012134583563154992
33 0.7148109243697479 0.8008825151682295 0.10451680672268908 0.0126861555432984
12 0.7471113445378151 0.9018201875344732 0.0430672268907563 0.0126861555432984
12 0.7494747899159664 0.9258135686707115 0.038865546218487396 0.011031439602868174