3 0.9627100840336135 0.4994484280198566 0.025735294117647058 0.6116933259790402
30 0.9642857142857143 0.22614451185879758 0.016281512605042018 0.06012134583563155
7 0.9640231092436975 0.7961941533370105 0.014705882352941176 0.015444015444015444
5 0.9206932773109243 0.6952564809707666 0.023109243697478993 0.22393822393822393
9 0.9369747899159664 0.7807501378929951 0.007352941176470588 0.04853833425261997
32 0.8476890756302521 0.5005515719801434 0.03308823529411765 0.580253723110866
8 0.8445378151260504 0.222007722007722 0.009978991596638655 0.02151130722559294
17 0.8440126050420168 0.2995035852178709 0.020483193277310924 0.09321566464423607
4 0.845063025210084 0.41671263099834527 0.011029411764705883 0.10259238830667403
12 0.8442752100840336 0.512134583563155 0.01050420168067227 0.04688361831218974
15 0.84375 0.6621621621621622 0.012605042016806723 0.06729178157749587
16 0.8453256302521008 0.7526199669056812 0.011029411764705883 0.07225592939878654
31 0.7998949579831933 0.26309983452840596 0.009978991596638655 0.05791505791505792
31 0.7710084033613446 0.25068946497517924 0.018907563025210083 0.11858797573083288
5 0.9212184873949579 0.795642581356867 0.017331932773109245 0.018753447324875896
8 0.6383928571428571 0.222007722007722 0.014705882352941176 0.02978488692774407
17 0.6126575630252101 0.32432432432432434 0.013130252100840336 0.23221180364037508
4 0.5866596638655462 0.2774407060121346 0.01207983193277311 0.11969111969111969
16 0.5267857142857143 0.26144511858797576 0.011554621848739496 0.08659680088251517
34 0.34217436974789917 0.2785438499724214 0.011554621848739496 0.12134583563154992
33 0.21349789915966386 0.27440706012134586 0.01207983193277311 0.10976282404853833
12 0.1173844537815126 0.2404853833425262 0.01207983193277311 0.04522890237175951
12 0.09453781512605042 0.23800330943188086 0.01050420168067227 0.04081632653061224