3 0.49959558823529415 0.014043022614451187 0.5826418067226891 0.026927744070601216
30 0.2393329831932773 0.012448979591836735 0.05750000000000001 0.016944291230005515
7 0.7820483193277311 0.012741312741312742 0.014779411764705815 0.015587424158852734
5 0.6858928571428572 0.058146718146718145 0.21298844537815112 0.02399338113623828
9 0.7673686974789916 0.04118587975730833 0.04634978991596639 0.007523441809156103
32 0.5004096638655462 0.13489795918367348 0.5527573529411766 0.03498621070049639
8 0.23531512605042018 0.1382018753447325 0.020635504201680654 0.010485383342526194
17 0.30907563025210083 0.1387203530060673 0.08867121848739493 0.021709873138444573
4 0.4207930672268908 0.1377054605626034 0.09786239495798316 0.01153337010479869
12 0.5114285714285715 0.1384169884169884 0.044537815126050394 0.010921125206839468
15 0.6544485294117647 0.1389795918367347 0.0640021008403362 0.013061224489795922
16 0.740577731092437 0.13724765581908438 0.068545168067227 0.011638168781025936
31 0.274327731092437 0.18503033645890787 0.055036764705882334 0.010485383342526194
2 0.9875262605042017 0.6689354660783232 0.02494747899159664 0.14157198014340874
31 0.26258403361344534 0.2154715940430226 0.11290966386554623 0.020077220077220063
5 0.781607142857143 0.057766133480419195 0.01764180672268915 0.01833976833976834
8 0.23533088235294117 0.354726971869829 0.028350840336134463 0.015466078323221161
17 0.33267857142857143 0.3817650303364589 0.22124474789915966 0.01383342526199665
4 0.2879779411764706 0.4090678433535576 0.11385504201680671 0.012724765581908404
16 0.27271533613445376 0.47191395477109765 0.08244222689075632 0.011875344732487575
34 0.2892016806722689 0.66569222283508 0.1154044117647059 0.012283507997793703
33 0.2851313025210084 0.8008052950910093 0.10456407563025205 0.01244346387203527
12 0.25298844537815124 0.9018974076116933 0.04298319327731094 0.012548262548262547
12 0.250514705882353 0.9256867071152786 0.03893382352941182 0.011031439602868174