3 0.4992226890756302 0.012237623762376236 0.5811344537815126 0.024470297029702975
30 0.23971113445378153 0.011767326732673267 0.05766806722689073 0.014242574257425745
7 0.782421218487395 0.011584158415841584 0.013949579831932745 0.01387128712871287
5 0.6858876050420168 0.05265346534653465 0.2141228991596639 0.022376237623762386
9 0.7672846638655463 0.03688613861386139 0.04580357142857145 0.009252475247524752
32 0.5002836134453781 0.12384158415841584 0.5521848739495797 0.02168316831683169
8 0.23514705882352943 0.12399009900990098 0.021024159663865533 0.0085891089108911
17 0.30858718487394954 0.12327227722772277 0.08800945378151258 0.01969801980198018
4 0.4194590336134454 0.12348019801980198 0.09670693277310918 0.012584158415841564
12 0.5102521008403361 0.12373267326732673 0.0421691176470588 0.010584158415841581
15 0.6534033613445378 0.1237128712871287 0.06127626050420172 0.011376237623762385
16 0.7404306722689076 0.1249207920792079 0.07110294117647065 0.010445544554455457
8 0.22715861344537816 0.1667227722772277 0.022799369747899142 0.008707920792079224
2 0.98734243697479 0.6616287128712871 0.02530987394957986 0.12580198019801975
11 0.2388918067226891 0.19235148514851486 0.0628256302521009 0.014688118811881168