22 0.5 0.2037128712871287 0.6024159663865546 0.2866336633663366
31 0.6617647058823529 0.09133663366336633 0.05567226890756303 0.009405940594059406
17 0.6039915966386554 0.09108910891089109 0.05567226890756303 0.008415841584158416
26 0.7691701680672269 0.11534653465346535 0.014705882352941176 0.014356435643564357
28 0.7095588235294118 0.1155940594059406 0.01365546218487395 0.014356435643564357
29 0.6822478991596639 0.1160891089108911 0.01365546218487395 0.013861386138613862
27 0.6271008403361344 0.11584158415841585 0.014180672268907563 0.013861386138613862
33 0.7284663865546218 0.15717821782178218 0.10451680672268908 0.009405940594059406
23 0.7379201680672269 0.23985148514851484 0.08508403361344538 0.008415841584158416
21 0.7599789915966386 0.2876237623762376 0.04044117647058824 0.00891089108910891
18 0.01601890756302521 0.020792079207920793 0.029936974789915968 0.02821782178217822
34 0.7100840336134454 0.09133663366336633 0.03676470588235294 0.01287128712871287