22 0.4994590336134454 0.7724214009928296 0.6062027310924369 0.3235245449531165
18 0.9834033613445379 0.9756922228350798 0.02889180672268919 0.032261445118587855
26 0.23050420168067226 0.8703861003861005 0.014590336134453766 0.015245449531163998
28 0.2905567226890756 0.869950358521787 0.014107142857142804 0.015620518477661174
29 0.31786764705882353 0.8703530060672917 0.014343487394957954 0.01580253723110846
27 0.37221638655462186 0.8704743519029233 0.014868697478991569 0.016050744622173395
31 0.33831407563025206 0.8980088251516823 0.055241596638655494 0.009663541092112761
17 0.39609768907563025 0.8979205736348592 0.05553046218487396 0.008858246001103364
33 0.271875 0.8243353557639271 0.10442752100840333 0.010060672917815655
23 0.26180147058823533 0.732796469939327 0.08486344537815123 0.00888030888030908
21 0.23998949579831932 0.6783121897407612 0.04006302521008402 0.009167126309983393
15 0.26621323529411767 0.24706563706563697 0.06989495798319324 0.01136238279095442
11 0.25025210084033617 0.2910093767236624 0.03729516806722689 0.011704357418643273
15 0.2466281512605042 0.27147821290678437 0.02935924369747898 0.009238830667402095
16 0.2679201680672269 0.5647159404302261 0.09380777310924364 0.011610590182018854
34 0.29035714285714287 0.8982184225041366 0.03432247899159659 0.009437396580253542