22 0.24054621848739496 0.4994484280198566 0.3082983193277311 0.6365140650854937
18 0.0467436974789916 0.9961389961389961 0.03046218487394958 0.007722007722007722
26 0.14732142857142858 0.21704357418643133 0.014705882352941176 0.015444015444015444
28 0.1478466386554622 0.2799227799227799 0.014705882352941176 0.014892443463872035
29 0.14732142857142858 0.30860452289023715 0.01523109243697479 0.014892443463872035
27 0.14732142857142858 0.36569222283507996 0.01523109243697479 0.015444015444015444
31 0.1210609243697479 0.3301158301158301 0.009453781512605041 0.05791505791505792
17 0.1210609243697479 0.39078874793160506 0.008403361344537815 0.05846662989520132
33 0.19117647058823528 0.26034197462768893 0.009453781512605041 0.10976282404853833
23 0.27836134453781514 0.24986210700496414 0.008403361344537815 0.08935466078323222
21 0.33009453781512604 0.22697186982901268 0.008928571428571428 0.041919470490899065
15 0.7408088235294118 0.2545504688361831 0.011029411764705883 0.07335907335907337
11 0.6990546218487395 0.23772752344180917 0.011029411764705883 0.03916161059018202
15 0.7176995798319328 0.2338665195808053 0.008928571428571428 0.03088803088803089
16 0.4382878151260504 0.25620518477661336 0.011029411764705883 0.09873138444567016
34 0.1207983193277311 0.2799227799227799 0.008928571428571428 0.035852178709321565