28 0.4630541871921182 0.478515625 0.019704433497536946 0.01171875
28 0.8916256157635468 0.478515625 0.0180623973727422 0.0107421875
28 0.4630541871921182 0.671875 0.019704433497536946 0.01171875
22 0.5008210180623974 0.830078125 0.9786535303776683 0.25390625
25 0.06732348111658457 0.9814453125 0.031198686371100164 0.0185546875
31 0.1724137931034483 0.9189453125 0.07717569786535304 0.0068359375
34 0.090311986863711 0.9189453125 0.05090311986863711 0.0078125
28 0.07389162561576355 0.8798828125 0.016420361247947456 0.009765625
27 0.1839080459770115 0.8798828125 0.016420361247947456 0.0087890625
26 0.2889983579638752 0.8798828125 0.014778325123152709 0.009765625
33 0.15599343185550082 0.859375 0.1839080459770115 0.0078125
19 0.11822660098522167 0.8505859375 0.10837438423645321 0.0068359375
20 0.12151067323481117 0.83203125 0.11330049261083744 0.0068359375
23 0.11822660098522167 0.7939453125 0.10509031198686371 0.0068359375
23 0.11822660098522167 0.78515625 0.10837438423645321 0.0068359375
21 0.09195402298850575 0.7666015625 0.05582922824302135 0.0078125
30 0.13793103448275862 0.982421875 0.08374384236453201 0.0146484375
29 0.3579638752052545 0.3232421875 0.042692939244663386 0.0185546875
29 0.13793103448275862 0.40625 0.013136288998357963 0.005859375