28 0.46213292117465227 0.4462890625 0.02009273570324575 0.013671875
28 0.8918083462132921 0.447265625 0.01854714064914992 0.0126953125
28 0.4605873261205564 0.6513671875 0.01854714064914992 0.01171875
22 0.4992272024729521 0.8193359375 0.98145285935085 0.271484375
23 0.11901081916537867 0.7724609375 0.10819165378670788 0.0107421875
21 0.09119010819165378 0.7529296875 0.05564142194744977 0.0078125
33 0.15765069551777433 0.8525390625 0.1839258114374034 0.0078125
19 0.11901081916537867 0.8408203125 0.10819165378670788 0.0068359375
20 0.12210200927357033 0.8212890625 0.11591962905718702 0.0078125
23 0.11746522411128284 0.78125 0.10510046367851623 0.0068359375
28 0.07418856259659969 0.873046875 0.015455950540958269 0.009765625
27 0.1839258114374034 0.873046875 0.013910355486862442 0.0107421875
26 0.2890262751159196 0.8720703125 0.013910355486862442 0.009765625
31 0.17156105100463678 0.9130859375 0.07727975270479134 0.0078125
34 0.09119010819165378 0.9140625 0.05100463678516229 0.0078125
25 0.06800618238021638 0.9814453125 0.030911901081916538 0.0205078125
29 0.357032457496136 0.2822265625 0.04327666151468315 0.0185546875
29 0.1391035548686244 0.3701171875 0.015455950540958269 0.0068359375
30 0.1375579598145286 0.982421875 0.07882534775888717 0.0126953125