3 0.5008210180623974 0.0107421875 0.8916256157635468 0.01953125
32 0.5008210180623974 0.0849609375 0.5106732348111659 0.0283203125
8 0.2676518883415435 0.0810546875 0.031198686371100164 0.005859375
17 0.35467980295566504 0.0859375 0.11001642036124795 0.021484375
4 0.48932676518883417 0.083984375 0.12643678160919541 0.013671875
12 0.5845648604269293 0.08203125 0.047619047619047616 0.0078125
15 0.729064039408867 0.0810546875 0.04597701149425287 0.0087890625
2 0.9844006568144499 0.1220703125 0.031198686371100164 0.056640625
1 0.5024630541871922 0.255859375 0.8505747126436781 0.2294921875
11 0.5024630541871922 0.5927734375 0.09359605911330049 0.017578125
17 0.5008210180623974 0.544921875 0.12151067323481117 0.0234375
5 0.8456486042692939 0.0498046875 0.19704433497536947 0.0205078125
30 0.08866995073891626 0.0087890625 0.06568144499178982 0.009765625
5 0.9293924466338259 0.0498046875 0.024630541871921183 0.0146484375