1 0.5021008403361344 0.5781818181818181 0.928046218487395 0.5272727272727272
5 0.31433823529411764 0.1684848484848485 0.21323529411764705 0.06060606060606061
9 0.28282563025210083 0.11818181818181818 0.051470588235294115 0.027878787878787878
14 0.23056722689075632 0.11818181818181818 0.045168067226890755 0.02666666666666667
32 0.5 0.26666666666666666 0.5278361344537815 0.07515151515151515
8 0.7510504201680672 0.2696969696969697 0.022584033613445378 0.02666666666666667
17 0.6596638655462185 0.28 0.09296218487394958 0.04727272727272727
4 0.5070903361344538 0.2721212121212121 0.14338235294117646 0.03393939393939394
12 0.3849789915966387 0.2703030303030303 0.0351890756302521 0.02666666666666667
11 0.3169642857142857 0.2684848484848485 0.03413865546218487 0.02909090909090909
3 0.5036764705882353 0.03151515151515152 0.5982142857142857 0.06303030303030303
7 0.21507352941176472 0.028484848484848484 0.014180672268907563 0.03515151515151515
30 0.7628676470588235 0.029696969696969697 0.07457983193277311 0.03878787878787879
5 0.21980042016806722 0.1690909090909091 0.020483193277310924 0.0496969696969697