1 0.500525486074619 0.7257174392935982 0.998949027850762 0.5485651214128036
30 0.07775617446137677 0.024922737306843266 0.06557540725170784 0.03673289183222958
8 0.4187545980031529 0.15479028697571745 0.026857593273778194 0.02886313465783662
11 0.46122438255386233 0.15676600441501104 0.03310036784025224 0.019679911699779232
15 0.5639621650026274 0.1554525386313466 0.03122963741460843 0.02492273730684325
28 0.6751550183920125 0.1457505518763797 0.012753547031003669 0.029933774834437092
27 0.6963478717813978 0.14614790286975718 0.012375197057278077 0.02599337748344372
24 0.7381660535995797 0.14496688741721855 0.010504466631634147 0.02836644591611478
31 0.8189963215974776 0.1457505518763797 0.025128744088281748 0.029933774834437092
5 0.49923804519180237 0.28717439293598235 0.3210719915922228 0.05278145695364244
5 0.6473988439306358 0.28637969094922733 0.010504466631634147 0.024426048565121407