1 0.49819327731092433 0.4869795918367347 0.9847268907563026 0.4416428571428571
5 0.6930252100840336 0.14029591836734695 0.21316701680672262 0.049306122448979584
9 0.7733718487394958 0.09883673469387755 0.05042016806722689 0.02039795918367348
32 0.4965073529411764 0.22599999999999998 0.5604621848739495 0.06473469387755101
8 0.2286344537815126 0.22772448979591836 0.022247899159663874 0.02087755102040814
17 0.3086239495798319 0.23489795918367345 0.09339285714285711 0.037040816326530626
4 0.42550420168067227 0.2273673469387755 0.09524684873949575 0.020153061224489795
6 0.530561974789916 0.22845918367346937 0.07438550420168073 0.02960204081632652
16 0.6266806722689076 0.22772448979591836 0.07586659663865537 0.02087755102040814
12 0.7101838235294118 0.22918367346938776 0.04649159663865545 0.02378571428571429
16 0.4986817226890756 0.8024591836734694 0.24145483193277312 0.04304081632653068
3 0.4959611344537815 0.026540816326530613 0.6122636554621849 0.052479591836734694
5 0.7883035714285714 0.14253061224489796 0.018918067226890746 0.04303061224489797
30 0.22839285714285715 0.023755102040816326 0.07382352941176468 0.034959183673469375
7 0.7929149159663865 0.02420408163265306 0.015225840336134338 0.03227551020408163