1 0.5 0.5023969319271333 1 0.48609779482262705
32 0.5063025210084033 0.7842761265580057 0.5651260504201681 0.06999041227229147
8 0.774422268907563 0.7876318312559923 0.02415966386554622 0.016299137104506232
17 0.7037815126050421 0.7780441035474592 0.09506302521008403 0.037392138063279005
4 0.5997899159663865 0.7794822627037392 0.09506302521008403 0.04314477468839885
12 0.5178571428571429 0.7842761265580057 0.04779411764705882 0.024928092042186004
13 0.46218487394957986 0.7785234899328859 0.046218487394957986 0.039309683604985615
15 0.40913865546218486 0.7708533077660594 0.04096638655462185 0.05656759348034516
5 0.31407563025210083 0.8676893576222435 0.21428571428571427 0.046021093000958774
9 0.2342436974789916 0.9074784276126558 0.051995798319327734 0.024928092042186004
3 0.5042016806722689 0.9736337488015341 0.5971638655462185 0.04985618408437201
7 0.21533613445378152 0.9765100671140939 0.015756302521008403 0.027804410354745925
11 0.4994747899159664 0.1922339405560882 0.09086134453781512 0.040268456375838924
5 0.22006302521008403 0.8667305848513902 0.020483193277310924 0.038350910834132314
5 0.7644432773109243 0.9769894534995206 0.07510504201680672 0.028763183125599234