1 0.49947916666666664 0.662655601659751 0.8385416666666666 0.32946058091286307
32 0.5018229166666667 0.8589211618257261 0.5973958333333333 0.056431535269709544
8 0.78828125 0.8589211618257261 0.022395833333333334 0.014937759336099586
17 0.7088541666666667 0.8506224066390041 0.0953125 0.03319502074688797
4 0.590625 0.8506224066390041 0.0984375 0.028215767634854772
12 0.5033854166666667 0.8580912863070539 0.0359375 0.01991701244813278
10 0.31223958333333335 0.8580912863070539 0.04114583333333333 0.016597510373443983
15 0.23854166666666668 0.8580912863070539 0.0671875 0.022406639004149378
3 0.47578125 0.9784232365145228 0.6598958333333333 0.04149377593360996
2 0.013020833333333334 0.6485477178423237 0.026041666666666668 0.15103734439834024
18 0.023697916666666666 0.36846473029045645 0.03177083333333333 0.053112033195020746
30 0.7703125 0.9800829875518672 0.06458333333333334 0.024896265560165973