32 0.4944852941176471 0.23887434554973822 0.5740546218487395 0.08115183246073299
1 0.4947478991596639 0.5739528795811518 0.9889705882352942 0.5680628272251309
8 0.2184873949579832 0.25 0.02100840336134454 0.02225130890052356
17 0.31880252100840334 0.25 0.16754201680672268 0.02225130890052356
4 0.47662815126050423 0.2506544502617801 0.13497899159663865 0.024869109947643978
12 0.5698529411764706 0.2513089005235602 0.03361344537815126 0.028795811518324606
6 0.6273634453781513 0.2519633507853403 0.06775210084033613 0.031413612565445025
16 0.7090336134453782 0.2506544502617801 0.08035714285714286 0.030104712041884817
5 0.6814600840336135 0.1387434554973822 0.210609243697479 0.056282722513089
9 0.7620798319327731 0.09947643979057591 0.04779411764705882 0.024869109947643978
3 0.49396008403361347 0.03206806282722513 0.585609243697479 0.06413612565445026
7 0.7775735294117647 0.029450261780104712 0.014180672268907563 0.03795811518324607
30 0.2342436974789916 0.031413612565445025 0.058823529411764705 0.03926701570680628