1 0.5004166666666666 0.3374107883817427 0.8385833333333333 0.3297842323651452
32 0.49826041666666665 0.14125311203319502 0.5972395833333334 0.05656431535269712
8 0.21182812499999998 0.14111203319502075 0.02226041666666667 0.015020746887966823
17 0.29110937499999995 0.14933609958506222 0.09556250000000001 0.03307053941908716
4 0.40930208333333334 0.14926141078838176 0.09825520833333339 0.028116182572614105
12 0.4965572916666667 0.14190871369294605 0.036062500000000004 0.019817427385892112
10 0.68771875 0.14207468879668048 0.041249999999999905 0.016937759336099607
15 0.7613802083333333 0.14175103734439834 0.06721874999999997 0.022688796680497905
3 0.5242135416666667 0.02175933609958506 0.6596718750000001 0.041269709543568456
2 0.9870625000000001 0.35165145228215766 0.025874999999999915 0.151311203319502
18 0.9762291666666666 0.63149377593361 0.031729166666666704 0.05331120331950208
30 0.22963020833333334 0.01970954356846473 0.06433854166666665 0.025236514522821572