1 0.48266806722689076 0.6546329723225031 0.9411764705882353 0.690734055354994
5 0.6862552521008404 0.1664139590854392 0.21220588235294116 0.05947051744885682
9 0.7657615546218487 0.1184115523465704 0.05316176470588225 0.02944645006016847
32 0.5003361344537814 0.2617809867629362 0.5665703781512605 0.06406738868832733
8 0.22732142857142856 0.2672563176895307 0.021575630252100863 0.022695547533092678
17 0.33853466386554626 0.26749699157641393 0.17860294117647055 0.027918170878459672
4 0.5107300420168067 0.2684476534296029 0.14308298319327734 0.02981949458483758
12 0.6170220588235293 0.2672563176895307 0.04840861344537819 0.022695547533092678
16 0.7460871848739495 0.26749699157641393 0.07506302521008407 0.027918170878459672
3 0.4957878151260504 0.03104693140794224 0.5951680672268906 0.06209386281588448
7 0.7851680672268908 0.029518652226233455 0.014091386554621811 0.03873646209386281
30 0.2365703781512605 0.030252707581227438 0.07422794117647061 0.04173285198555957