1 0.5 0.5975081256771397 1 0.6327193932827736
9 0.7176995798319328 0.10455037919826653 0.04989495798319328 0.02275189599133261
14 0.7683823529411765 0.10455037919826653 0.046218487394957986 0.02275189599133261
32 0.4992121848739496 0.23889490790899243 0.5042016806722689 0.06933911159263272
8 0.2610294117647059 0.24052004333694474 0.022584033613445378 0.018418201516793065
17 0.3642331932773109 0.24756229685807152 0.09506302521008403 0.04333694474539545
4 0.5036764705882353 0.24864572047670638 0.0934873949579832 0.041170097508125676
12 0.6152836134453782 0.24052004333694474 0.03466386554621849 0.02600216684723727
6 0.7137605042016807 0.24160346695557963 0.07300420168067227 0.023835319609967497
3 0.4947478991596639 0.028169014084507043 0.5976890756302521 0.056338028169014086
7 0.7857142857142857 0.026543878656554713 0.014705882352941176 0.03358613217768147
16 0.4992121848739496 0.9956663055254604 0.2494747899159664 0.00866738894907909
30 0.23713235294117646 0.027085590465872156 0.07457983193277311 0.03791982665222102