1 0.5002626050420168 0.5160398230088495 0.9837184873949579 0.4646017699115044
32 0.49159663865546216 0.24502212389380532 0.5341386554621849 0.06637168141592921
8 0.23792016806722688 0.24557522123893805 0.020483193277310924 0.02101769911504425
17 0.3235294117647059 0.2560840707964602 0.09453781512605042 0.03982300884955752
4 0.44353991596638653 0.2549778761061947 0.0940126050420168 0.03982300884955752
12 0.5346638655462185 0.2461283185840708 0.03413865546218487 0.01991150442477876
13 0.6152836134453782 0.24778761061946902 0.06985294117647059 0.028761061946902654
11 0.6940651260504201 0.24778761061946902 0.032563025210084036 0.022123893805309734
5 0.6819852941176471 0.15376106194690264 0.210609243697479 0.05309734513274336
9 0.7132352941176471 0.10785398230088496 0.04989495798319328 0.022123893805309734
14 0.7649684873949579 0.10564159292035398 0.0430672268907563 0.02101769911504425
3 0.49080882352941174 0.02820796460176991 0.5961134453781513 0.05641592920353982
7 0.7809873949579832 0.02765486725663717 0.015756302521008403 0.034292035398230086
11 0.49684873949579833 0.8069690265486725 0.0898109243697479 0.0420353982300885
30 0.23266806722689076 0.02654867256637168 0.07090336134453781 0.03650442477876106
5 0.7754726890756303 0.1543141592920354 0.02153361344537815 0.04535398230088496