1 0.5 0.5594125500667557 1 0.8811748998664887
32 0.5318645833333333 0.07511348464619493 0.5300416666666667 0.0770493991989319
8 0.279421875 0.08778371161548731 0.02332291666666665 0.02731642189586116
4 0.55246875 0.08579439252336449 0.09721874999999992 0.025674232309746314
12 0.6342760416666666 0.0874365821094793 0.044869791666666714 0.024272363150867834
10 0.6973697916666667 0.0870894526034713 0.06581250000000007 0.03060080106809077
17 0.7668229166666667 0.08790387182910547 0.05646875000000004 0.03459279038718291
16 0.03340625 0.015700934579439253 0.06309895833333333 0.02568758344459279
15 0.10875 0.015700934579439253 0.02375520833333334 0.019986648865153542
26 0.789 0.022443257676902535 0.008755208333333304 0.02088117489986649
28 0.8013177083333333 0.021668891855807743 0.008552083333333372 0.02244325767690253
29 0.8147604166666667 0.021922563417890523 0.009776041666666657 0.016702269692923898
27 0.8274843749999999 0.022443257676902535 0.008348958333333437 0.02088117489986649
30 0.8581354166666666 0.017222963951935913 0.043171874999999936 0.027142857142857142
5 0.9272708333333333 0.08612817089452604 0.01527083333333342 0.03862483311081443