1 0.5173319327731093 0.6546329723225031 0.9411764705882353 0.690734055354994
5 0.31381302521008403 0.16666666666666666 0.21218487394957983 0.05896510228640193
9 0.2342436974789916 0.11853188929001203 0.05304621848739496 0.02888086642599278
32 0.4997373949579832 0.26173285198555957 0.5667016806722689 0.06377858002406739
8 0.7725840336134454 0.26714801444043323 0.02153361344537815 0.02286401925391095
17 0.6615021008403361 0.2677496991576414 0.17857142857142858 0.027677496991576414
4 0.4892331932773109 0.2683513838748496 0.14285714285714285 0.030084235860409144
12 0.38287815126050423 0.26714801444043323 0.04831932773109244 0.02286401925391095
16 0.2539390756302521 0.2677496991576414 0.07510504201680672 0.027677496991576414
3 0.5042016806722689 0.031287605294825514 0.595063025210084 0.06257521058965103
7 0.21481092436974789 0.029482551143200964 0.014180672268907563 0.03850782190132371
30 0.7633928571428571 0.030084235860409144 0.0740546218487395 0.0421179302045728