1 0.5401785714285714 0.6420704845814978 0.9017857142857143 0.7158590308370044
32 0.4997373949579832 0.24394273127753305 0.542016806722689 0.0671806167400881
5 0.31381302521008403 0.15088105726872247 0.21218487394957983 0.053964757709251104
9 0.2820378151260504 0.10792951541850221 0.04989495798319328 0.02092511013215859
14 0.23082983193277312 0.10627753303964757 0.04411764705882353 0.024229074889867842
8 0.7584033613445378 0.2450440528634361 0.023109243697478993 0.01762114537444934
17 0.6738445378151261 0.2544052863436123 0.0934873949579832 0.048458149779735685
4 0.5275735294117647 0.2444933920704846 0.14338235294117646 0.02092511013215859
12 0.4067752100840336 0.2444933920704846 0.0467436974789916 0.02092511013215859
13 0.32169117647058826 0.2444933920704846 0.0703781512605042 0.023127753303964757
3 0.5042016806722689 0.02918502202643172 0.5971638655462185 0.05837004405286344
7 0.21481092436974789 0.02643171806167401 0.015756302521008403 0.034140969162995596
30 0.7628676470588235 0.02643171806167401 0.0740546218487395 0.03524229074889868
5 0.21980042016806722 0.15253303964757708 0.01995798319327731 0.04185022026431718