5 0.6819747899159664 0.18017094017094018 0.2132405462184875 0.06107448107448105
14 0.7644380252100841 0.12935286935286935 0.04428046218487392 0.022283272283272284
9 0.7139705882352941 0.12797313797313797 0.05022584033613451 0.027045177045177053
1 0.4957983193277311 0.6666666666666666 0.9915966386554622 0.6666666666666666
32 0.48899159663865543 0.28803418803418807 0.5416334033613446 0.07611721611721609
8 0.23204306722689075 0.28816849816849816 0.024495798319327723 0.02368742368742366
17 0.31186974789915967 0.3023321123321123 0.09454306722689075 0.049523809523809456
4 0.42893907563025213 0.2992185592185592 0.09267331932773111 0.04158730158730166
12 0.5147584033613446 0.29067155067155065 0.03503151260504204 0.028705738705738695
13 0.5934506302521009 0.2891697191697192 0.07798844537815139 0.025689865689865716
15 0.6873634453781513 0.2901709401709402 0.07149684873949586 0.027704517704517703
3 0.4926680672268907 0.032368742368742376 0.5979569327731094 0.06406593406593407
7 0.7806827731092437 0.02875457875457875 0.01507878151260506 0.03697191697191697
30 0.23211134453781512 0.028192918192918193 0.07324579831932775 0.04026862026862026