1 0.5 0.6833122629582806 1 0.6333754740834386
32 0.4939705882352941 0.3177496839443742 0.5481985294117647 0.07597977243994947
8 0.23185924369747898 0.32179519595448797 0.023019957983193298 0.02170670037926677
17 0.305703781512605 0.3292920353982301 0.09488445378151265 0.05288242730720612
4 0.4413918067226891 0.31983565107458917 0.1436186974789916 0.029329962073324962
12 0.5531460084033614 0.31787610619469026 0.04754201680672268 0.027724399494310936
13 0.6287657563025211 0.31972187104930466 0.0720955882352941 0.031415929203539854
15 0.7087079831932773 0.320063211125158 0.05730567226890763 0.0251833122629583
5 0.6863497899159664 0.19393173198482933 0.21411764705882344 0.06534766118836915
9 0.718686974789916 0.1420101137800253 0.050399159663865566 0.024829329962073345
14 0.769453781512605 0.1424778761061947 0.042521008403361364 0.025752212389380538
3 0.4971165966386555 0.03276864728192162 0.5964653361344538 0.06553729456384325
7 0.7855357142857143 0.029393173198482933 0.013823529411764792 0.03830594184576485
9 0.6515493697478991 0.1429582806573957 0.07524159663865534 0.02902654867256638
30 0.23759453781512604 0.03077117572692794 0.07671218487394955 0.048723135271807834
5 0.7807142857142857 0.19446270543615676 0.02014180672268903 0.053754740834386826