1 0.5065651260504201 0.5 0.22741596638655462 1
5 0.6848739495798319 0.16581632653061223 0.025210084033613446 0.33163265306122447
32 0.6410189075630253 0.5 0.03308823529411765 1
17 0.6365546218487395 0.871938775510204 0.018907563025210083 0.1816326530612245
4 0.6402310924369747 0.6448979591836734 0.01050420168067227 0.1846938775510204
6 0.6397058823529411 0.44081632653061226 0.01523109243697479 0.14489795918367346
16 0.6402310924369747 0.2540816326530612 0.01050420168067227 0.1469387755102041
12 0.6394432773109243 0.09183673469387756 0.01207983193277311 0.09081632653061225
16 0.3442752100840336 0.5025510204081632 0.022058823529411766 0.46938775510204084
3 0.7434348739495799 0.5 0.026785714285714284 1
30 0.7447478991596639 0.9775510204081632 0.017857142857142856 0.044897959183673466