1 0.4955357142857143 0.7068473609129815 0.9910714285714286 0.5863052781740371
5 0.6820115546218487 0.2195577746077033 0.21300420168067224 0.07258202567760341
9 0.7613970588235295 0.16288159771754637 0.04943802521008409 0.030684736091298133
32 0.49526785714285715 0.3592296718972896 0.5287237394957983 0.09232524964336666
8 0.2453466386554622 0.36223965763195437 0.02215861344537818 0.027960057061340974
17 0.3390073529411765 0.37603423680456494 0.09431197478991593 0.06078459343794581
4 0.46692752100840335 0.37460770328102716 0.09486869747899165 0.0553067047075606
12 0.5658193277310924 0.3605420827389444 0.03449579831932764 0.027175463623395086
3 0.4910924369747899 0.03589158345221113 0.5957405462184874 0.07178316690442225
7 0.7803046218487395 0.03285306704707561 0.015514705882352922 0.04373751783166904
30 0.23308298319327733 0.03385164051355207 0.07528361344537816 0.04604850213980029