32 0.49438550420168065 0.23880890052356019 0.5740073529411764 0.0815968586387435
1 0.4946376050420168 0.5738481675392669 0.9889705882352942 0.5680497382198954
8 0.21840861344537815 0.25031413612565445 0.021150210084033606 0.02179319371727746
17 0.31890231092436977 0.24977748691099477 0.16753151260504204 0.02285340314136123
4 0.4765598739495799 0.2506282722513089 0.13474789915966384 0.024554973821989515
12 0.5697689075630251 0.25137434554973825 0.03363970588235304 0.028167539267015682
6 0.6273949579831932 0.25168848167539265 0.0678413865546219 0.030929319371727743
16 0.7090336134453782 0.2507068062827225 0.08034138655462174 0.029908376963350816
5 0.6814758403361344 0.13845549738219895 0.2108403361344538 0.05674083769633507
9 0.7620693277310925 0.09935863874345549 0.04754726890756313 0.02519633507853403
3 0.4939495798319328 0.03223821989528795 0.585609243697479 0.06446335078534031
7 0.777626050420168 0.029345549738219897 0.014222689075630214 0.03810209424083769
30 0.2342909663865546 0.03120418848167539 0.05874474789915968 0.039725130890052356