1 0.49973958333333335 0.609129814550642 0.9994791666666667 0.7817403708987162
32 0.5907447916666667 0.18890156918687587 0.40933854166666656 0.08360912981455067
6 0.4060416666666667 0.18380884450784593 0.0399322916666667 0.030527817403708954
17 0.47581770833333337 0.18298145506419403 0.08917187500000003 0.058559201141226834
4 0.566734375 0.18446504992867332 0.08072916666666667 0.031840228245363755
12 0.629953125 0.18232524964336663 0.03135416666666657 0.030855920114122675
10 0.7241145833333333 0.18067047075606277 0.04145312500000008 0.03415121255349501
2 0.98828125 0.9686162624821684 0.0234375 0.06276747503566334
3 0.49456770833333336 0.03443651925820257 0.571140625 0.06574893009985736
7 0.7708020833333333 0.03209700427960057 0.014859375000000103 0.045420827389443655
28 0.750390625 0.10232524964336663 0.013057291666666752 0.032082738944365204
29 0.7720416666666666 0.10179743223965763 0.011625000000000085 0.041469329529243926
27 0.7931197916666667 0.1019400855920114 0.012859375000000029 0.03912981455064195
30 0.23801041666666667 0.031298145506419406 0.05494270833333334 0.040927246790299576