1 0.5003518907563025 0.5162721238938053 0.9839338235294118 0.4643141592920354
32 0.4916386554621849 0.24484513274336284 0.5343960084033613 0.06685840707964602
8 0.23779411764705882 0.24575221238938053 0.02065651260504204 0.021349557522123905
17 0.32359768907563025 0.2560398230088496 0.09455882352941175 0.04008849557522125
4 0.44350315126050416 0.2552212389380531 0.09402310924369747 0.0402765486725664
12 0.5346218487394958 0.24621681415929206 0.03418592436974786 0.020431415929203507
13 0.6152363445378152 0.24775442477876106 0.07005252100840342 0.028993362831858386
11 0.6941701680672269 0.24775442477876106 0.03252100840336138 0.021703539823008853
5 0.6819800420168067 0.15353982300884958 0.2106932773109243 0.0527654867256637
9 0.7131880252100841 0.10777654867256638 0.049810924369747975 0.0221570796460177
14 0.7648424369747899 0.10540929203539824 0.04331932773109245 0.021073008849557536
3 0.49080882352941174 0.02820796460176991 0.5961134453781513 0.05641592920353982
7 0.7808771008403361 0.027621681415929203 0.015772058823529517 0.03404867256637168
11 0.4968014705882353 0.806924778761062 0.08955882352941176 0.04253318584070802
30 0.23253676470588236 0.02643805309734513 0.07103991596638655 0.036902654867256635
5 0.7754149159663866 0.15440265486725666 0.021355042016806648 0.045851769911504414