1 0.45982142857142855 0.6420704845814978 0.9017857142857143 0.7158590308370044
32 0.5001995798319328 0.24411894273127752 0.5420063025210085 0.06727973568281935
5 0.6861344537815126 0.15103524229074888 0.21192752100840348 0.05417400881057269
9 0.7179464285714285 0.10775330396475771 0.049810924369747975 0.021156387665198246
14 0.7691649159663866 0.10638766519823788 0.044185924369747956 0.02387665198237886
8 0.2416439075630252 0.24485682819383262 0.023167016806722698 0.01798458149779734
17 0.3261029411764706 0.2544603524229075 0.09352415966386551 0.048061674008810555
4 0.472421218487395 0.24466960352422906 0.14321428571428563 0.021244493392070508
12 0.5932405462184874 0.24466960352422906 0.046806722689075576 0.021244493392070508
13 0.6783928571428571 0.24458149779735683 0.07013655462184872 0.022885462555066113
3 0.4957825630252101 0.029240088105726873 0.5973161764705882 0.058480176211453745
7 0.7852573529411765 0.026266519823788546 0.015525210084033585 0.03466960352422908
30 0.23710609243697478 0.026629955947136564 0.07399684873949579 0.03488986784140968
5 0.7802731092436975 0.15241189427312773 0.02014180672268903 0.04223568281938329