1 0.5 0.3166877370417193 1 0.6333754740834386
32 0.49396008403361347 0.6820480404551201 0.5483193277310925 0.07585335018963338
8 0.23188025210084034 0.6782553729456384 0.023109243697478993 0.021491782553729456
17 0.30567226890756305 0.6706700379266751 0.09506302521008403 0.05309734513274336
4 0.4414390756302521 0.6801517067003793 0.14338235294117646 0.029077117572692796
12 0.553046218487395 0.6820480404551201 0.04779411764705882 0.02781289506953224
13 0.6286764705882353 0.6801517067003793 0.07195378151260504 0.0316055625790139
15 0.7087710084033614 0.6801517067003793 0.05724789915966386 0.025284450063211124
5 0.6864495798319328 0.8059418457648546 0.21428571428571427 0.06573957016434892
9 0.71875 0.8577749683944375 0.05042016806722689 0.025284450063211124
14 0.7694327731092437 0.8577749683944375 0.04254201680672269 0.025284450063211124
3 0.49711134453781514 0.9671302149178256 0.5966386554621849 0.06573957016434892
7 0.7854516806722689 0.9709228824273072 0.01365546218487395 0.03792667509481669
9 0.6515231092436975 0.8571428571428571 0.07510504201680672 0.029077117572692796
30 0.23765756302521007 0.9690265486725663 0.07668067226890757 0.0493046776232617
5 0.7807247899159664 0.8053097345132744 0.01995798319327731 0.05436156763590392