1 0.5 0.5594125500667557 1 0.8811748998664887
32 0.5317708333333333 0.07543391188251002 0.5302083333333333 0.0774365821094793
8 0.2794270833333333 0.08744993324432576 0.0234375 0.0267022696929239
4 0.55234375 0.08611481975967958 0.09739583333333333 0.025367156208277702
12 0.634375 0.08744993324432576 0.04479166666666667 0.02403204272363151
10 0.6973958333333333 0.08678237650200267 0.065625 0.030707610146862484
17 0.7669270833333334 0.08811748998664887 0.05625 0.03471295060080107
16 0.03333333333333333 0.01602136181575434 0.06302083333333333 0.025367156208277702
15 0.10885416666666667 0.01602136181575434 0.023958333333333335 0.020026702269692925
26 0.7890625 0.022696929238985315 0.008854166666666666 0.021361815754339118
28 0.8013020833333333 0.021361815754339118 0.008333333333333333 0.022696929238985315
29 0.81484375 0.022029372496662217 0.009895833333333333 0.017356475300400534
27 0.8276041666666667 0.022696929238985315 0.008333333333333333 0.021361815754339118
30 0.8580729166666666 0.017356475300400534 0.043229166666666666 0.0267022696929239
5 0.92734375 0.08611481975967958 0.015104166666666667 0.03871829105473965