1 0.48423319327731096 0.5451146788990825 0.9578308823529412 0.4992431192660551
32 0.49966386554621856 0.25815366972477066 0.5403098739495799 0.07841743119266055
5 0.6857825630252101 0.15866972477064223 0.21294117647058827 0.057454128440367
9 0.7660189075630253 0.11371559633027523 0.05160189075630252 0.02299311926605506
8 0.24263130252100842 0.25352064220183484 0.022794117647058812 0.022293577981651373
17 0.3291334033613445 0.2654243119266055 0.0946481092436975 0.0480504587155963
4 0.4504201680672269 0.26591743119266054 0.09410189075630256 0.047087155963302756
12 0.5430514705882353 0.25545871559633027 0.034464285714285656 0.026169724770642194
13 0.6264968487394957 0.2563302752293578 0.0797899159663866 0.02597477064220181
3 0.49672794117647057 0.028727064220183486 0.5959086134453779 0.05745412844036697
30 0.2382405462184874 0.028727064220183483 0.07489495798319323 0.039782110091743116
7 0.7851680672268908 0.026961009174311927 0.0141701680672269 0.03094036697247706
11 0.5003571428571428 0.904151376146789 0.07297268907563029 0.0395298165137615