1 0.499474513925381 0.2742825607064018 0.998949027850762 0.5485651214128036
30 0.9222280609563847 0.9751655629139073 0.06568575932737783 0.03642384105960265
8 0.581187598528639 0.8454746136865342 0.026799789805570153 0.02869757174392936
11 0.5388859695218077 0.8432671081677704 0.03310562270099842 0.019867549668874173
15 0.43615344193378874 0.8443708609271523 0.031003678402522335 0.025386313465783666
28 0.324750394114556 0.8543046357615894 0.012611665790856543 0.029801324503311258
27 0.30373095112979503 0.8537527593818984 0.012611665790856543 0.026490066225165563
24 0.26195480819758277 0.8548565121412803 0.010509721492380452 0.02869757174392936
31 0.18102995270625327 0.8543046357615894 0.025223331581713086 0.029801324503311258
5 0.5007882291119286 0.7130242825607064 0.3210719915922228 0.052980132450331126
5 0.35260115606936415 0.7135761589403974 0.010509721492380452 0.024282560706401765