1 0.4842436974789916 0.5452981651376146 0.957983193277311 0.4988532110091743
32 0.4997373949579832 0.2580275229357798 0.5404411764705882 0.0779816513761468
5 0.6856617647058824 0.1588302752293578 0.21271008403361344 0.05733944954128441
9 0.7660189075630253 0.11353211009174312 0.051470588235294115 0.022935779816513763
8 0.2426470588235294 0.25344036697247707 0.022584033613445378 0.021788990825688075
17 0.3290441176470588 0.26548165137614677 0.09453781512605042 0.0481651376146789
4 0.45036764705882354 0.26605504587155965 0.0940126050420168 0.047018348623853214
12 0.5430672268907563 0.25573394495412843 0.03466386554621849 0.026376146788990827
13 0.6265756302521008 0.25630733944954126 0.07983193277310924 0.026376146788990827
3 0.49684873949579833 0.028669724770642203 0.5961134453781513 0.05733944954128441
30 0.23818277310924368 0.028669724770642203 0.07510504201680672 0.040137614678899085
7 0.7851890756302521 0.02694954128440367 0.014180672268907563 0.03096330275229358
11 0.5002626050420168 0.904243119266055 0.07300420168067227 0.0389908256880734