1 0.500078781512605 0.5972914409534127 0.9998371848739496 0.6327302275189599
9 0.7176995798319328 0.10437703141928495 0.05011554621848743 0.022361863488624036
14 0.7684558823529413 0.10479956663055255 0.04611344537815135 0.02320693391115925
32 0.4991806722689076 0.23884073672806067 0.5043644957983193 0.06939328277356448
8 0.2609716386554622 0.2407475622968581 0.02283088235294119 0.018266522210184197
17 0.36418067226890755 0.24782231852654388 0.09503676470588238 0.04297941495124596
4 0.5038025210084034 0.24888407367280607 0.09358193277310915 0.04086673889490788
12 0.6152100840336134 0.24032502708559045 0.03466386554621849 0.02587215601300108
6 0.713702731092437 0.24138678223185267 0.0728623949579832 0.02375947995666306
3 0.49474264705882354 0.02820151679306609 0.597888655462185 0.05640303358613218
7 0.7857720588235294 0.026446370530877575 0.014926470588235333 0.03365113759479956
16 0.4992121848739496 0.9956663055254604 0.2494747899159664 0.00866738894907909
30 0.23725315126050422 0.027237269772481042 0.07467962184873952 0.03757313109425786