1 0.5758928571428571 0.5 0.26313025210084034 1
32 0.42436974789915966 0.5 0.031512605042016806 1
17 0.42909663865546216 0.9266750948166877 0.022058823529411766 0.14664981036662453
4 0.4251575630252101 0.640960809102402 0.01207983193277311 0.34513274336283184
12 0.42436974789915966 0.3723135271807838 0.011554621848739496 0.11504424778761062
13 0.4251575630252101 0.1902654867256637 0.013130252100840336 0.1731984829329962
15 0.42489495798319327 0.03286978508217446 0.01050420168067227 0.06573957016434892
5 0.37289915966386555 0.15423514538558786 0.0273109243697479 0.3084702907711757
9 0.35136554621848737 0.01706700379266751 0.01050420168067227 0.03413400758533502
3 0.30567226890756305 0.5 0.0273109243697479 1
9 0.35162815126050423 0.13527180783817952 0.01207983193277311 0.18078381795195955