1 0.5472689075630253 0.5 0.3067226890756303 1
9 0.3080357142857143 0.948537378114843 0.011029411764705883 0.10292524377031419
32 0.37342436974789917 0.5 0.03361344537815126 1
8 0.3742121848739496 0.015167930660888408 0.008928571428571428 0.030335861321776816
17 0.37762605042016806 0.2199349945828819 0.02100840336134454 0.19609967497291442
4 0.37815126050420167 0.5075839653304443 0.01995798319327731 0.19284940411700974
12 0.3742121848739496 0.7378114842903575 0.012605042016806723 0.07150595882990249
6 0.3744747899159664 0.9328277356446371 0.011554621848739496 0.13434452871072589
3 0.2710084033613445 0.5 0.0273109243697479 1
16 0.7402836134453782 0.49837486457204766 0.004201680672268907 0.514626218851571
30 0.2707457983193277 0.01733477789815818 0.01838235294117647 0.03466955579631636