1 0.5 0.4974784276126558 1 0.48594439117929045
32 0.4937710084033614 0.21561840843720037 0.5648949579831932 0.06968360498561847
8 0.22568802521008402 0.21233940556088207 0.024002100840336157 0.016021093000958754
17 0.2961449579831933 0.22216682646212849 0.09509978991596635 0.03782358581016298
4 0.40026260504201683 0.22043144774688397 0.09508403361344536 0.043000958772770874
12 0.4820168067226891 0.21568552253116013 0.04798319327731087 0.024870565675934802
13 0.5378623949579832 0.2216203259827421 0.04608193277310913 0.03889741131351869
15 0.5909821428571429 0.22929050814956856 0.04110819327731091 0.05638542665388303
5 0.6859558823529411 0.13227229146692235 0.21449579831932777 0.04555129434324064
9 0.7657352941176471 0.09238734419942474 0.05220588235294123 0.02451581975071907
3 0.49586134453781505 0.026222435282837967 0.5972951680672269 0.049645254074784276
7 0.7847058823529411 0.02330776605944391 0.01550945378151271 0.027459252157238736
11 0.5004201680672269 0.8078906999041228 0.09070378151260494 0.040038350910834124
5 0.7800052521008404 0.13314477468839886 0.020635504201680654 0.03854266538830296
5 0.23560924369747901 0.02321188878235858 0.07485819327731091 0.028906999041227222