1 0.4979201680672269 0.5780969696969697 0.9279254201680672 0.527830303030303
5 0.6857668067226891 0.16832727272727274 0.21311974789915977 0.06121212121212121
9 0.7172846638655462 0.1184121212121212 0.05171743697478981 0.027927272727272717
14 0.7695483193277312 0.11793939393939394 0.045168067226890755 0.02696969696969697
32 0.500078781512605 0.2664121212121212 0.5276470588235295 0.07477575757575758
8 0.2490651260504202 0.26964848484848486 0.02251050420168068 0.026157575757575737
17 0.34040441176470587 0.2801818181818182 0.09307773109243699 0.0472242424242424
4 0.49282563025210085 0.2724 0.14360819327731095 0.03406060606060609
12 0.6150997899159665 0.27013333333333334 0.03522584033613454 0.02711515151515152
11 0.6829831932773109 0.2684484848484848 0.03397058823529403 0.028545454545454558
3 0.4964338235294118 0.0316 0.5979674369747898 0.06265454545454545
7 0.7849527310924369 0.028375757575757582 0.014380252100840393 0.03464242424242424
30 0.23703256302521009 0.02951515151515152 0.07435399159663868 0.03934545454545454
5 0.7802468487394958 0.16887272727272726 0.020362394957983185 0.04918787878787877