5 0.3180147058823529 0.1800976800976801 0.21323529411764705 0.06105006105006105
14 0.23555672268907563 0.12942612942612944 0.04411764705882353 0.02197802197802198
9 0.2859768907563025 0.1282051282051282 0.05042016806722689 0.026862026862026864
1 0.5042016806722689 0.6666666666666666 0.9915966386554622 0.6666666666666666
32 0.5110294117647058 0.28815628815628813 0.5414915966386554 0.0757020757020757
8 0.7678571428571429 0.28815628815628813 0.02468487394957983 0.0231990231990232
17 0.6880252100840336 0.3021978021978022 0.09453781512605042 0.050061050061050064
4 0.5711659663865546 0.29914529914529914 0.09243697478991597 0.04151404151404151
12 0.4852941176470588 0.2905982905982906 0.0351890756302521 0.029304029304029304
13 0.4065126050420168 0.2893772893772894 0.07773109243697479 0.02564102564102564
15 0.3127626050420168 0.28998778998779 0.07142857142857142 0.028083028083028084
3 0.5073529411764706 0.03235653235653236 0.5982142857142857 0.06349206349206349
7 0.2192752100840336 0.028693528693528692 0.01523109243697479 0.03663003663003663
30 0.7678571428571429 0.028083028083028084 0.07300420168067227 0.040293040293040296