1 0.49868697478991597 0.5 0.266281512605042 1
32 0.3442752100840336 0.5 0.038340336134453784 1
8 0.34217436974789917 0.9894534995206136 0.008928571428571428 0.02109300095877277
17 0.3476890756302521 0.8720038350910834 0.020483193277310924 0.17353787152444872
4 0.34690126050420167 0.6821668264621285 0.023634453781512604 0.17353787152444872
12 0.3442752100840336 0.5325982742090125 0.01365546218487395 0.087248322147651
13 0.3474264705882353 0.43096836049856185 0.02153361344537815 0.08437200383509108
15 0.35162815126050423 0.33413231064237775 0.030987394957983194 0.07478427612655801
5 0.29831932773109243 0.17785234899328858 0.025210084033613446 0.35570469798657717
9 0.2767857142857143 0.0311601150527325 0.01365546218487395 0.062320230105465
3 0.24054621848739496 0.5 0.0273109243697479 1
11 0.6685924369747899 0.4990412272291467 0.022058823529411766 0.16586768935762225
5 0.29884453781512604 0.003835091083413231 0.02100840336134454 0.007670182166826462
5 0.23844537815126052 0.9568552253116012 0.015756302521008403 0.0862895493767977