1 0.5 0.228515625 1 0.15234375
31 0.15555555555555556 0.048828125 0.02905982905982906 0.0087890625
28 0.3572649572649573 0.048828125 0.015384615384615385 0.0078125
27 0.3316239316239316 0.048828125 0.013675213675213675 0.0078125
24 0.28034188034188035 0.048828125 0.013675213675213675 0.0078125
29 0.22905982905982905 0.048828125 0.011965811965811967 0.005859375
3 0.582905982905983 0.0107421875 0.7452991452991453 0.0205078125
5 0.5008547008547009 0.0966796875 0.3487179487179487 0.01953125
15 0.48717948717948717 0.9638671875 0.08888888888888889 0.0126953125
15 0.49401709401709404 0.052734375 0.037606837606837605 0.0068359375
11 0.6205128205128205 0.052734375 0.041025641025641026 0.0068359375
30 0.9162393162393162 0.009765625 0.08034188034188035 0.01171875