18 0.5008547008547009 0.716796875 0.03076923076923077 0.017578125
22 0.49914529914529915 0.861328125 0.8307692307692308 0.24609375
25 0.20683760683760682 0.9912109375 0.015384615384615385 0.0107421875
16 0.5128205128205128 0.5048828125 0.24615384615384617 0.0146484375
23 0.5743589743589743 0.8369140625 0.10256410256410256 0.0068359375
20 0.5811965811965812 0.8720703125 0.11452991452991453 0.0078125
19 0.5743589743589743 0.9072265625 0.10085470085470086 0.005859375
31 0.19487179487179487 0.857421875 0.06837606837606838 0.005859375
33 0.2170940170940171 0.8505859375 0.11282051282051282 0.005859375
34 0.1811965811965812 0.865234375 0.039316239316239315 0.0068359375
10 0.18632478632478633 0.8291015625 0.05128205128205128 0.0068359375
28 0.10085470085470086 0.9609375 0.022222222222222223 0.0126953125
27 0.22735042735042735 0.9609375 0.020512820512820513 0.0126953125
26 0.35384615384615387 0.9609375 0.020512820512820513 0.0126953125
29 0.517948717948718 0.9609375 0.022222222222222223 0.009765625
24 0.6444444444444445 0.9609375 0.018803418803418803 0.013671875
11 0.30085470085470084 0.046875 0.037606837606837605 0.0048828125
30 0.14017094017094017 0.9912109375 0.08034188034188035 0.0107421875