22 0.49743589743589745 0.1396484375 0.8324786324786325 0.2470703125
25 0.20683760683760682 0.0087890625 0.017094017094017096 0.009765625
27 0.22735042735042735 0.0390625 0.020512820512820513 0.01171875
28 0.09914529914529914 0.0390625 0.020512820512820513 0.013671875
26 0.35384615384615387 0.0390625 0.022222222222222223 0.013671875
29 0.517948717948718 0.0380859375 0.020512820512820513 0.0087890625
24 0.6444444444444445 0.0390625 0.020512820512820513 0.013671875
19 0.5743589743589743 0.09375 0.09914529914529914 0.0068359375
20 0.5811965811965812 0.126953125 0.11623931623931624 0.0068359375
23 0.576068376068376 0.162109375 0.10427350427350428 0.005859375
31 0.19658119658119658 0.142578125 0.07008547008547009 0.005859375
34 0.1829059829059829 0.134765625 0.042735042735042736 0.005859375
33 0.2170940170940171 0.1494140625 0.11282051282051282 0.0068359375
30 0.14017094017094017 0.0087890625 0.08034188034188035 0.01171875
18 0.49914529914529915 0.283203125 0.03076923076923077 0.0166015625
11 0.30085470085470084 0.9541015625 0.037606837606837605 0.005859375
16 0.5128205128205128 0.498046875 0.24102564102564103 0.0126953125
10 0.18632478632478633 0.1708984375 0.04957264957264957 0.005859375