3 0.4324786324786325 0.009765625 0.7777777777777778 0.01953125
5 0.5008547008547009 0.0966796875 0.3504273504273504 0.021484375
28 0.6410256410256411 0.0498046875 0.017094017094017096 0.01171875
27 0.6666666666666666 0.048828125 0.015384615384615385 0.009765625
24 0.7196581196581197 0.048828125 0.017094017094017096 0.009765625
29 0.770940170940171 0.048828125 0.015384615384615385 0.0068359375
31 0.8444444444444444 0.0498046875 0.03076923076923077 0.009765625
1 0.5008547008547009 0.228515625 0.9982905982905983 0.1533203125
30 0.08376068376068375 0.0087890625 0.08034188034188035 0.0146484375
15 0.5042735042735043 0.052734375 0.037606837606837605 0.0078125
11 0.37777777777777777 0.052734375 0.046153846153846156 0.0078125
15 0.5128205128205128 0.9638671875 0.08888888888888889 0.0126953125
5 0.6581196581196581 0.0966796875 0.011965811965811967 0.0078125