18 0.5008547008547009 0.716796875 0.03076923076923077 0.0166015625
22 0.5008547008547009 0.865234375 0.8256410256410256 0.236328125
25 0.20683760683760682 0.9912109375 0.017094017094017096 0.009765625
28 0.10085470085470086 0.9609375 0.022222222222222223 0.0126953125
27 0.22735042735042735 0.9619140625 0.020512820512820513 0.0126953125
26 0.35213675213675216 0.9619140625 0.022222222222222223 0.0126953125
29 0.517948717948718 0.9609375 0.022222222222222223 0.0087890625
24 0.6444444444444445 0.9619140625 0.022222222222222223 0.01171875
16 0.5145299145299145 0.5029296875 0.24102564102564103 0.01171875
23 0.576068376068376 0.837890625 0.10256410256410256 0.0068359375
20 0.582905982905983 0.873046875 0.11623931623931624 0.0078125
19 0.5743589743589743 0.9072265625 0.09743589743589744 0.0068359375
31 0.19487179487179487 0.857421875 0.07008547008547009 0.005859375
33 0.2170940170940171 0.8505859375 0.11452991452991453 0.005859375
30 0.14188034188034188 0.9912109375 0.07863247863247863 0.0107421875
11 0.30256410256410254 0.046875 0.044444444444444446 0.0078125
10 0.18803418803418803 0.8291015625 0.0547008547008547 0.0068359375
34 0.18461538461538463 0.8642578125 0.04957264957264957 0.005859375