1 0.5 0.77197265625 1 0.1513671875
5 0.49914529914529915 0.9033203125 0.3504273504273504 0.0185546875
31 0.8427350427350427 0.9501953125 0.02905982905982906 0.0087890625
28 0.6410256410256411 0.951171875 0.015384615384615385 0.009765625
27 0.6666666666666666 0.951171875 0.015384615384615385 0.0087890625
24 0.7196581196581197 0.951171875 0.011965811965811967 0.0087890625
29 0.770940170940171 0.951171875 0.013675213675213675 0.0068359375
3 0.4153846153846154 0.990234375 0.7452991452991453 0.01953125
15 0.505982905982906 0.947265625 0.042735042735042736 0.0068359375
11 0.3811965811965812 0.947265625 0.04957264957264957 0.0068359375
15 0.5128205128205128 0.03515625 0.08717948717948718 0.0126953125
30 0.08547008547008547 0.9912109375 0.08034188034188035 0.0107421875