18 0.5008547008547009 0.7177734375 0.02905982905982906 0.017578125
22 0.5008547008547009 0.865234375 0.8222222222222222 0.236328125
20 0.582905982905983 0.8720703125 0.11452991452991453 0.0068359375
19 0.5743589743589743 0.9072265625 0.10085470085470086 0.0078125
23 0.576068376068376 0.837890625 0.10256410256410256 0.0078125
28 0.10085470085470086 0.9609375 0.020512820512820513 0.0126953125
27 0.22735042735042735 0.9609375 0.020512820512820513 0.0126953125
26 0.35213675213675216 0.9619140625 0.022222222222222223 0.013671875
29 0.517948717948718 0.9609375 0.020512820512820513 0.0087890625
24 0.6444444444444445 0.9619140625 0.018803418803418803 0.0126953125
25 0.20683760683760682 0.9912109375 0.017094017094017096 0.009765625
11 0.29914529914529914 0.046875 0.03247863247863248 0.0048828125
16 0.5145299145299145 0.5029296875 0.24444444444444444 0.01171875
31 0.19487179487179487 0.857421875 0.06837606837606838 0.005859375
33 0.2170940170940171 0.8505859375 0.11452991452991453 0.0068359375
10 0.18632478632478633 0.8291015625 0.04957264957264957 0.0048828125
34 0.1811965811965812 0.8642578125 0.041025641025641026 0.005859375
30 0.14188034188034188 0.9912109375 0.08034188034188035 0.01171875