3 0.41367521367521365 0.009765625 0.7487179487179487 0.01953125
5 0.5008547008547009 0.0966796875 0.3487179487179487 0.0185546875
28 0.6427350427350428 0.048828125 0.017094017094017096 0.0107421875
27 0.6683760683760683 0.048828125 0.015384615384615385 0.0087890625
24 0.7196581196581197 0.048828125 0.011965811965811967 0.009765625
29 0.770940170940171 0.048828125 0.015384615384615385 0.0068359375
31 0.8444444444444444 0.048828125 0.03247863247863248 0.009765625
1 0.5 0.22900390625 1 0.1533203125
11 0.3811965811965812 0.0517578125 0.046153846153846156 0.0068359375
15 0.5076923076923077 0.0517578125 0.042735042735042736 0.0078125
15 0.5128205128205128 0.9638671875 0.09401709401709402 0.013671875
30 0.08547008547008547 0.0087890625 0.08205128205128205 0.01171875
5 0.6581196581196581 0.095703125 0.011965811965811967 0.0068359375