3 0.5 0.0126953125 0.8433908045977011 0.0244140625
32 0.40804597701149425 0.0810546875 0.6623563218390804 0.0283203125
8 0.08764367816091954 0.0859375 0.01867816091954023 0.0068359375
17 0.13649425287356323 0.0859375 0.05172413793103448 0.0087890625
4 0.21695402298850575 0.0849609375 0.08477011494252873 0.009765625
11 0.5632183908045977 0.0859375 0.04454022988505747 0.0087890625
12 0.7212643678160919 0.0859375 0.031609195402298854 0.0078125
5 0.8275862068965517 0.04296875 0.13505747126436782 0.0166015625
1 0.5 0.234375 1 0.2568359375
9 0.882183908045977 0.01171875 0.06752873563218391 0.0107421875
5 0.8836206896551724 0.0419921875 0.010057471264367816 0.0087890625
26 0.15517241379310345 0.34375 0.01867816091954023 0.013671875
28 0.1781609195402299 0.34375 0.017241379310344827 0.0126953125
27 0.1997126436781609 0.34375 0.01867816091954023 0.0126953125
29 0.22126436781609196 0.3447265625 0.01867816091954023 0.0126953125
24 0.2413793103448276 0.34375 0.01867816091954023 0.013671875