0 0.5016501650165016 0.728515625 0.6336633663366337 0.033203125
25 0.045104510451045104 0.9599609375 0.028602860286028604 0.0244140625
26 0.45434543454345433 0.8857421875 0.013201320132013201 0.0126953125
29 0.506050605060506 0.88671875 0.0121012101210121 0.0107421875
27 0.5863586358635864 0.88671875 0.013201320132013201 0.01171875
31 0.6556655665566556 0.8564453125 0.0462046204620462 0.0087890625
34 0.47634763476347636 0.8564453125 0.1474147414741474 0.0078125
33 0.31683168316831684 0.845703125 0.0847084708470847 0.0087890625
20 0.5126512651265126 0.828125 0.0748074807480748 0.009765625
23 0.38283828382838286 0.7978515625 0.0748074807480748 0.009765625
21 0.3487348734873487 0.8076171875 0.036303630363036306 0.0078125
30 0.11991199119911991 0.958984375 0.1078107810781078 0.025390625