0 0.4988986784140969 0.271484375 0.6354625550660793 0.037109375
26 0.5451541850220264 0.1142578125 0.013215859030837005 0.0126953125
29 0.4944933920704846 0.1142578125 0.012114537444933921 0.0126953125
27 0.41409691629955947 0.11328125 0.012114537444933921 0.0107421875
25 0.9548458149779736 0.0400390625 0.02643171806167401 0.0244140625
31 0.3447136563876652 0.1435546875 0.046255506607929514 0.0078125
34 0.5231277533039648 0.1435546875 0.1486784140969163 0.0078125
23 0.6178414096916299 0.2021484375 0.07378854625550661 0.0068359375
20 0.4878854625550661 0.1728515625 0.07488986784140969 0.0078125
33 0.6850220264317181 0.1533203125 0.08480176211453745 0.0107421875
21 0.6519823788546255 0.1923828125 0.037444933920704845 0.0087890625
30 0.8799559471365639 0.0400390625 0.10682819383259912 0.0234375