3 0.4994493392070485 0.9853515625 0.998898678414097 0.029296875
32 0.501101321585903 0.888671875 0.6519823788546255 0.0302734375
31 0.3381057268722467 0.9580078125 0.06387665198237885 0.01171875
7 0.06938325991189427 0.9580078125 0.09911894273127753 0.021484375
2 0.013215859030837005 0.919921875 0.023127753303964757 0.0205078125
1 0.5 0.7265625 0.998898678414097 0.296875
8 0.789647577092511 0.88671875 0.028634361233480177 0.0126953125
17 0.7389867841409692 0.8876953125 0.06167400881057269 0.013671875
4 0.6266519823788547 0.8876953125 0.15859030837004406 0.0126953125
12 0.5176211453744494 0.8876953125 0.05286343612334802 0.0126953125
10 0.3788546255506608 0.88671875 0.07929515418502203 0.01171875
17 0.32158590308370044 0.5537109375 0.09361233480176212 0.0146484375
5 0.2720264317180617 0.958984375 0.013215859030837005 0.013671875