3 0.5005506607929515 0.0146484375 0.998898678414097 0.029296875
32 0.4988986784140969 0.111328125 0.6519823788546255 0.0302734375
31 0.6618942731277533 0.0419921875 0.06387665198237885 0.01171875
7 0.9306167400881057 0.0419921875 0.09911894273127753 0.021484375
2 0.986784140969163 0.080078125 0.023127753303964757 0.0205078125
1 0.5 0.2734375 0.998898678414097 0.296875
8 0.21035242290748898 0.11328125 0.028634361233480177 0.0126953125
17 0.2610132158590308 0.1123046875 0.06167400881057269 0.013671875
4 0.3733480176211454 0.1123046875 0.15859030837004406 0.0126953125
12 0.48237885462555063 0.1123046875 0.05286343612334802 0.0126953125
10 0.6211453744493393 0.11328125 0.07929515418502203 0.01171875
17 0.6784140969162996 0.4462890625 0.09361233480176212 0.0146484375
5 0.7279735682819384 0.041015625 0.013215859030837005 0.013671875