2 0.9878987898789879 0.080078125 0.0231023102310231 0.0185546875
3 0.5 0.01416015625 1 0.0283203125
31 0.6655665566556656 0.0419921875 0.06930693069306931 0.0146484375
5 0.7293729372937293 0.041015625 0.019801980198019802 0.017578125
7 0.9317931793179318 0.0419921875 0.09790979097909791 0.01953125
1 0.5 0.2744140625 1 0.296875
32 0.49944994499449946 0.11328125 0.6501650165016502 0.0263671875
8 0.2079207920792079 0.1142578125 0.0352035203520352 0.013671875
17 0.26182618261826185 0.11328125 0.0638063806380638 0.0126953125
4 0.37623762376237624 0.1142578125 0.1573157315731573 0.0126953125
12 0.4829482948294829 0.1142578125 0.04950495049504951 0.0126953125
10 0.6193619361936193 0.1142578125 0.07260726072607261 0.0126953125
30 0.050605060506050605 0.013671875 0.0814081408140814 0.0185546875
17 0.6776677667766776 0.447265625 0.0748074807480748 0.015625