2 0.0121012101210121 0.080078125 0.0231023102310231 0.0185546875
3 0.5 0.01416015625 1 0.0283203125
31 0.33443344334433445 0.0419921875 0.06930693069306931 0.0146484375
5 0.2706270627062706 0.041015625 0.019801980198019802 0.017578125
7 0.06820682068206821 0.0419921875 0.09790979097909791 0.01953125
1 0.5 0.2744140625 1 0.296875
32 0.5005500550055005 0.11328125 0.6501650165016502 0.0263671875
8 0.7920792079207921 0.1142578125 0.0352035203520352 0.013671875
17 0.7381738173817382 0.11328125 0.0638063806380638 0.0126953125
4 0.6237623762376238 0.1142578125 0.1573157315731573 0.0126953125
12 0.517051705170517 0.1142578125 0.04950495049504951 0.0126953125
10 0.38063806380638066 0.1142578125 0.07260726072607261 0.0126953125
30 0.9493949394939494 0.013671875 0.0814081408140814 0.0185546875
17 0.32233223322332233 0.447265625 0.0748074807480748 0.015625