3 0.492371705963939 0.009765625 0.5963938973647711 0.01953125
30 0.23300970873786409 0.009765625 0.07350901525658807 0.0126953125
7 0.7725381414701803 0.009765625 0.033287101248266296 0.01171875
5 0.5325936199722607 0.0380859375 0.21220527045769763 0.0166015625
32 0.49653259361997226 0.0673828125 0.5728155339805825 0.0244140625
8 0.22191400832177532 0.06640625 0.022191400832177532 0.0068359375
17 0.31484049930651875 0.0703125 0.09292649098474341 0.0126953125
4 0.44244105409153955 0.0703125 0.09431345353675451 0.013671875
12 0.5464632454923717 0.06640625 0.044382801664355064 0.0068359375
6 0.6380027739251041 0.0673828125 0.07212205270457697 0.0087890625
31 0.2787794729542302 0.12109375 0.1539528432732316 0.0166015625
31 0.2565880721220527 0.1005859375 0.047156726768377254 0.0068359375
2 0.9791955617198336 0.646484375 0.026352288488210817 0.09375
5 0.6269070735090153 0.0380859375 0.019417475728155338 0.0146484375
8 0.2302357836338419 0.1982421875 0.026352288488210817 0.0078125
16 0.2801664355062413 0.251953125 0.08321775312066575 0.0087890625
20 0.3314840499306519 0.3154296875 0.18585298196948682 0.0078125
6 0.2621359223300971 0.7275390625 0.06934812760055478 0.0078125
12 0.24826629680998613 0.99609375 0.04160887656033287 0.0078125