3 0.49107142857142855 0.014843320505772403 0.5955882352941176 0.029686641011544807
30 0.2323424369747899 0.012589334799340296 0.07371848739495793 0.018949972512369434
7 0.7711292016806722 0.01349642660802639 0.033707983193277224 0.018752061572292467
7 0.5320220588235294 0.056195711929631666 0.2131775210084033 0.02575590984057174
32 0.4975525210084034 0.09948873007146784 0.573986344537815 0.03334799340296868
8 0.22153361344537817 0.09907091808686092 0.02195378151260502 0.00839472237493127
17 0.3138970588235294 0.10440901594282573 0.09301995798319322 0.021088510170423316
4 0.4418487394957983 0.10380428807036833 0.09367647058823536 0.019879054425508504
12 0.5458245798319328 0.0993732820230896 0.04444327731092431 0.011011544804837807
6 0.63828256302521 0.09952171522814733 0.07063025210084034 0.012325453545904351
5 0.7503939075630253 0.21000549752611325 0.010514705882352931 0.011478834524463988
17 0.3141806722689076 0.14983507421660253 0.16486869747899163 0.010104452996151729
17 0.38217436974789915 0.17630566245189663 0.35864495798319324 0.01768004398020889
2 0.978686974789916 0.6688949972512369 0.026969537815126003 0.14063771302913697
22 0.49684873949579833 0.9134139637163277 0.6533613445378151 0.17317207256734468
21 0.2544800420168067 0.944546454095657 0.043224789915966365 0.013177570093457835
6 0.28910189075630255 0.34963716327652555 0.12981092436974795 0.013606377130291369
10 0.26248424369747897 0.39453545904343046 0.0743329831932773 0.01405167674546451
16 0.2784873949579832 0.5273666849917537 0.10521533613445375 0.016355140186915886
12 0.2546218487394958 0.5730071467839472 0.05860819327731094 0.015459043430456235