22 0.49684873949579833 0.3952721275426058 0.6533613445378151 0.7905442550852116
20 0.2765231092436975 0.02473886750962067 0.08876050420168068 0.012094557449147883
19 0.27442226890756305 0.05167674546454096 0.08350840336134453 0.012644310060472787
33 0.30462184873949577 0.0788894997251237 0.14390756302521007 0.010445299615173173
23 0.2757352941176471 0.18196811434854315 0.0861344537815126 0.009895547003848268
21 0.2539390756302521 0.31418361737218253 0.0430672268907563 0.010445299615173173
26 0.2342436974789916 0.7111050027487631 0.014705882352941176 0.014843320505772403
28 0.31118697478991597 0.7102803738317757 0.014180672268907563 0.015393073117097306
29 0.35661764705882354 0.7108301264431006 0.014705882352941176 0.014293567894447499
27 0.4272584033613445 0.7111050027487631 0.014705882352941176 0.015393073117097306
24 0.506827731092437 0.7097306212204508 0.014705882352941176 0.014293567894447499
34 0.24606092436974789 0.7504123144584937 0.038340336134453784 0.010445299615173173
17 0.31066176470588236 0.7509620670698186 0.06460084033613446 0.010995052226498075
31 0.3870798319327731 0.7509620670698186 0.06197478991596639 0.010995052226498075
25 0.19353991596638656 0.8282023089609676 0.023109243697478993 0.02473886750962067
30 0.26706932773109243 0.8282023089609676 0.09453781512605042 0.02308960967564596
18 0.9742647058823529 0.9766355140186916 0.030987394957983194 0.032435404068169325