3 0.9634978991596639 0.5093457943925234 0.028361344537815126 0.6234194612424409
30 0.9655987394957983 0.7800989554700385 0.017857142857142856 0.07696536558548653
7 0.9648109243697479 0.21632765255634964 0.017857142857142856 0.035184167124793844
7 0.9241071428571429 0.46646509070918085 0.02468487394957983 0.22319956019791093
32 0.8826155462184874 0.502473886750962 0.03203781512605042 0.6008796041781198
8 0.883140756302521 0.791368884002199 0.007878151260504201 0.02308960967564596
17 0.8778886554621849 0.6948873007146784 0.01995798319327731 0.09730621220450797
4 0.8784138655462185 0.5607476635514018 0.018907563025210083 0.09785596481583288
12 0.8826155462184874 0.4518966465090709 0.01050420168067227 0.04672897196261682
6 0.8826155462184874 0.35514018691588783 0.011554621848739496 0.07366684991753711
5 0.7770483193277311 0.2377680043980209 0.011029411764705883 0.010995052226498075
17 0.8345588235294118 0.6946124244090159 0.009453781512605041 0.1726223199560198
17 0.8093487394957983 0.6234194612424409 0.01680672268907563 0.3754810335349093
2 0.3387605042016807 0.0063221550302363936 0.13445378151260504 0.012644310060472787
22 0.10504201680672269 0.5032985156679495 0.16544117647058823 0.6838922484881803
21 0.07536764705882353 0.7570093457943925 0.012605042016806723 0.04507971412864211
6 0.6436449579831933 0.7207256734469488 0.013130252100840336 0.13578889499725125
10 0.6008403361344538 0.7484881803188566 0.01365546218487395 0.07806487080813634
16 0.4737394957983193 0.7319956019791094 0.015756302521008403 0.10995052226498075
12 0.43014705882352944 0.75673446948873 0.014705882352941176 0.061572292468389224