3 0.49107142857142855 0.014843320505772403 0.5955882352941176 0.029686641011544807
30 0.23240546218487396 0.012644310060472787 0.07352941176470588 0.018691588785046728
7 0.7710084033613446 0.013468938977460142 0.03361344537815126 0.018691588785046728
7 0.5320378151260504 0.056074766355140186 0.21323529411764705 0.02583837273227048
32 0.49763655462184875 0.09950522264980759 0.5740546218487395 0.033534909290819134
8 0.22163865546218486 0.09895547003848268 0.022058823529411766 0.008246289169873557
17 0.31381302521008403 0.10445299615173172 0.09296218487394958 0.020890599230346345
4 0.4419642857142857 0.10390324354040682 0.0934873949579832 0.019791094007696537
12 0.5456932773109243 0.09950522264980759 0.044642857142857144 0.010995052226498075
6 0.6383928571428571 0.09950522264980759 0.0703781512605042 0.012094557449147883
5 0.7505252100840336 0.21000549752611325 0.01050420168067227 0.01154480483782298
17 0.31407563025210083 0.1498075865860363 0.16491596638655462 0.009895547003848268
17 0.38209033613445376 0.17619571192963165 0.358718487394958 0.017592083562396922
2 0.9787289915966386 0.6687740516767454 0.026785714285714284 0.14073666849917538
22 0.49684873949579833 0.9134139637163277 0.6533613445378151 0.17317207256734468
21 0.2544642857142857 0.9444749862561848 0.0430672268907563 0.013194062671797692
6 0.28912815126050423 0.34964266080263884 0.12972689075630253 0.013743815283122594
10 0.26260504201680673 0.39444749862561845 0.07457983193277311 0.014293567894447499
16 0.27836134453781514 0.5274876305662451 0.10504201680672269 0.016492578339747113
12 0.2547268907563025 0.5731170973062122 0.058823529411764705 0.015393073117097306