22 0.49684873949579833 0.3952721275426058 0.6533613445378151 0.7905442550852116
20 0.2764705882352941 0.02486531061022541 0.08856092436974797 0.012297965915338037
19 0.274343487394958 0.05162177020340852 0.08361869747899162 0.012682792743265621
33 0.3045220588235294 0.07882352941176476 0.1439758403361345 0.010417811984606827
23 0.27569327731092436 0.1821055525013744 0.08632352941176466 0.010137438152831005
21 0.2540441176470588 0.3141396371632766 0.04301995798319326 0.01068719076415591
26 0.23424894957983192 0.7112259483232545 0.014936974789915996 0.01502473886750958
28 0.3112920168067227 0.7104123144584935 0.01404936974789916 0.015519516217701795
29 0.35666491596638655 0.7109455744914789 0.014784663865546267 0.01445849367784507
27 0.42734768907563025 0.7110500274876306 0.014711134453781508 0.015382078064870568
24 0.5067594537815127 0.7098460692688291 0.014495798319327683 0.014387025838372772
34 0.24619222689075632 0.7504947773501924 0.03814600840336134 0.010681693238043041
17 0.31075105042016804 0.7510995052226498 0.0643960084033613 0.011176470588235255
31 0.3869800420168067 0.7509565695437053 0.061880252100840305 0.010890599230346564
25 0.19364495798319328 0.8282682792743264 0.02306722689075628 0.024557449147883492
30 0.2669642857142857 0.8282023089609676 0.09458508403361346 0.022996151731720687
18 0.974375 0.9766135239142386 0.030845588235294128 0.03242440901594259