22 0.6000525210084033 0.5032985156679495 0.7552521008403361 0.6838922484881803
20 0.9540441176470589 0.7339197361187466 0.011554621848739496 0.09290819131390875
19 0.9283088235294118 0.7361187465640462 0.01207983193277311 0.08741066520065971
33 0.9023109243697479 0.7045079714128643 0.009978991596638655 0.15063221550302364
23 0.8035714285714286 0.7347443650357339 0.009453781512605041 0.09015942825728422
21 0.6775210084033614 0.7575590984057174 0.009978991596638655 0.04507971412864211
26 0.29831932773109243 0.7781748213304013 0.014180672268907563 0.015393073117097306
28 0.29910714285714285 0.6976360637713029 0.014705882352941176 0.014843320505772403
29 0.29858193277310924 0.6500824628916987 0.01365546218487395 0.015393073117097306
27 0.29831932773109243 0.5761407366684992 0.014705882352941176 0.015393073117097306
24 0.29963235294117646 0.49285321605277627 0.01365546218487395 0.015393073117097306
34 0.2607668067226891 0.765805387575591 0.009978991596638655 0.040131940626717974
17 0.2599789915966387 0.6981858163826278 0.01050420168067227 0.06761957119296316
31 0.2602415966386555 0.6181968114348543 0.01050420168067227 0.06487080813633865
25 0.18644957983193278 0.8207806487080813 0.023634453781512604 0.024189114898295765
30 0.18644957983193278 0.7438152831225948 0.022058823529411766 0.09895547003848268
18 0.04438025210084034 0.009895547003848268 0.030987394957983194 0.019791094007696537