3 0.48372373949579833 0.015304914150384845 0.561470588235294 0.03060982830076969
30 0.23506302521008404 0.014073416222616934 0.06043592436974793 0.018537596210775605
7 0.755047268907563 0.01354647720544701 0.014737394957983164 0.01772054470100651
5 0.6821113445378151 0.07529307282415632 0.2129831932773109 0.029236234458259323
9 0.7195903361344538 0.057217288336293665 0.04574579831932769 0.011006512729425698
14 0.7664495798319327 0.05742451154529307 0.03848214285714285 0.012474837181764354
32 0.49454306722689084 0.13432208407341623 0.8421060924369748 0.043664890467732385
8 0.0873844537815126 0.13682652457075192 0.022111344537815138 0.012569567791592668
17 0.193140756302521 0.13769094138543517 0.06597689075630252 0.015032563647128471
4 0.3609873949579832 0.13685612788632326 0.1463760504201681 0.014564831261101257
12 0.514406512605042 0.13662522202486677 0.036234243697479 0.012901124925991722
16 0.6316071428571428 0.13685612788632326 0.07702731092436967 0.014564831261101257
2 0.9785504201680673 0.6628359976317347 0.027920168067226813 0.1303670811130847
26 0.015446428571428571 0.7168087625814091 0.017762605042016807 0.02221432800473652
28 0.01559873949579832 0.7405032563647128 0.0180672268907563 0.02235642391947911
29 0.01525735294117647 0.7643931320307874 0.018755252100840336 0.022113676731793905
5 0.5878518907563025 0.2901302545885139 0.01137079831932778 0.01458851391355831