3 0.9721638655462185 0.48484848484848486 0.026260504201680673 0.5784632034632035
30 0.9737394957983193 0.22673160173160173 0.01523109243697479 0.061147186147186144
7 0.9729516806722689 0.7627164502164502 0.01523109243697479 0.01406926406926407
5 0.9180672268907563 0.6861471861471862 0.022584033613445378 0.21915584415584416
9 0.9348739495798319 0.7253787878787878 0.01050420168067227 0.045454545454545456
14 0.9346113445378151 0.7743506493506493 0.009978991596638655 0.03896103896103896
32 0.8616071428571429 0.49323593073593075 0.0273109243697479 0.8674242424242424
8 0.8639705882352942 0.07386363636363637 0.01050420168067227 0.024891774891774892
17 0.8639705882352942 0.18344155844155843 0.012605042016806723 0.06926406926406926
4 0.8634453781512605 0.35524891774891776 0.01523109243697479 0.1488095238095238
12 0.8637079831932774 0.5156926406926406 0.01365546218487395 0.036255411255411256
16 0.8637079831932774 0.6371753246753247 0.01207983193277311 0.08008658008658008
2 0.34637605042016806 0.9889069264069265 0.11607142857142858 0.022186147186147188
5 0.7274159663865546 0.5900974025974026 0.011554621848739496 0.00974025974025974
26 0.29070378151260506 0.005140692640692641 0.020483193277310924 0.010281385281385282
28 0.2699579831932773 0.005140692640692641 0.018907563025210083 0.010281385281385282
29 0.24868697478991597 0.00487012987012987 0.019432773109243698 0.00974025974025974