3 0.5162815126050421 0.015393724097098875 0.5614495798319328 0.03078744819419775
30 0.7649684873949579 0.014209591474245116 0.06039915966386555 0.018354055654233273
7 0.24501050420168066 0.013617525162818236 0.014705882352941176 0.017761989342806393
5 0.3180147058823529 0.07519242155121374 0.21323529411764705 0.02901124925991711
9 0.2804621848739496 0.0571343990526939 0.04569327731092437 0.011249259917110717
14 0.23345588235294118 0.057430432208407343 0.038340336134453784 0.012433392539964476
32 0.5055147058823529 0.1343990526939017 0.8419117647058824 0.04381290704558911
8 0.9125525210084033 0.13676731793960922 0.022058823529411766 0.012433392539964476
17 0.8069852941176471 0.13765541740674955 0.0661764705882353 0.014801657785671996
4 0.6389180672268907 0.13676731793960922 0.14653361344537816 0.014801657785671996
12 0.4855567226890756 0.13676731793960922 0.03623949579831933 0.013025458851391355
16 0.36843487394957986 0.13676731793960922 0.07720588235294118 0.014801657785671996
2 0.02153361344537815 0.662818235642392 0.027836134453781514 0.13025458851391356
26 0.9845063025210085 0.716696269982238 0.017857142857142856 0.022498519834221433
28 0.9845063025210085 0.7403789224393132 0.017857142857142856 0.022498519834221433
29 0.9847689075630253 0.7643576080521018 0.018907563025210083 0.021906453522794554
5 0.4120273109243697 0.2901124925991711 0.011554621848739496 0.014801657785671996