3 0.5133991537376587 0.98828125 0.693935119887165 0.021484375
5 0.2693935119887165 0.943359375 0.2623413258110014 0.0205078125
9 0.22143864598025387 0.9560546875 0.05782792665726375 0.0078125
14 0.1622002820874471 0.9560546875 0.05077574047954866 0.0078125
32 0.5007052186177715 0.900390625 0.8716502115655853 0.02734375
1 0.5063469675599436 0.72265625 0.9125528913963329 0.318359375
8 0.921015514809591 0.8955078125 0.028208744710860368 0.0078125
17 0.8166431593794076 0.896484375 0.08180535966149506 0.0107421875
4 0.6375176304654443 0.896484375 0.1777150916784203 0.01171875
12 0.47531734837799716 0.896484375 0.04231311706629055 0.0107421875
16 0.35825105782792666 0.896484375 0.09590973201692525 0.009765625
26 0.9816643159379408 0.876953125 0.022566995768688293 0.015625
28 0.9802538787023978 0.859375 0.021156558533145273 0.015625
29 0.9816643159379408 0.8408203125 0.021156558533145273 0.015625
2 0.01622002820874471 0.85791015625 0.03244005641748942 0.0986328125
7 0.1777150916784203 0.9892578125 0.021156558533145273 0.0146484375