3 0.48520710059171596 0.0107421875 0.6923076923076923 0.01953125
5 0.7307692307692307 0.0537109375 0.26331360946745563 0.0205078125
9 0.7766272189349113 0.0419921875 0.05621301775147929 0.005859375
14 0.8357988165680473 0.041015625 0.04881656804733728 0.0087890625
32 0.5 0.0947265625 0.8727810650887574 0.025390625
1 0.5 0.2177734375 1 0.208984375
8 0.07840236686390532 0.0986328125 0.03106508875739645 0.0087890625
17 0.1819526627218935 0.09765625 0.07692307692307693 0.0087890625
4 0.3609467455621302 0.0986328125 0.1760355029585799 0.009765625
12 0.5251479289940828 0.099609375 0.04437869822485207 0.0078125
16 0.6405325443786982 0.0986328125 0.09319526627218935 0.009765625
2 0.9837278106508875 0.134765625 0.03106508875739645 0.0927734375
29 0.01775147928994083 0.1513671875 0.02514792899408284 0.0146484375
28 0.019230769230769232 0.1337890625 0.020710059171597635 0.015625
26 0.016272189349112426 0.1171875 0.020710059171597635 0.0166015625
7 0.8210059171597633 0.009765625 0.01775147928994083 0.0126953125
16 0.04437869822485207 0.3369140625 0.07248520710059171 0.0146484375