3 0.48660084626234135 0.01171875 0.693935119887165 0.021484375
5 0.7306064880112835 0.056640625 0.2623413258110014 0.0205078125
9 0.7785613540197461 0.0439453125 0.05782792665726375 0.0078125
14 0.8377997179125529 0.0439453125 0.05077574047954866 0.0078125
32 0.4992947813822285 0.099609375 0.8716502115655853 0.02734375
1 0.4936530324400564 0.27734375 0.9125528913963329 0.318359375
8 0.07898448519040903 0.1044921875 0.028208744710860368 0.0078125
17 0.18335684062059238 0.103515625 0.08180535966149506 0.0107421875
4 0.3624823695345557 0.103515625 0.1777150916784203 0.01171875
12 0.5246826516220028 0.103515625 0.04231311706629055 0.0107421875
16 0.6417489421720733 0.103515625 0.09590973201692525 0.009765625
26 0.018335684062059238 0.123046875 0.022566995768688293 0.015625
28 0.019746121297602257 0.140625 0.021156558533145273 0.015625
29 0.018335684062059238 0.1591796875 0.021156558533145273 0.015625
2 0.9837799717912553 0.14208984375 0.03244005641748942 0.0986328125
7 0.8222849083215797 0.0107421875 0.021156558533145273 0.0146484375