3 0.0701155462184874 0.5183540556542333 0.0273109243697479 0.6329188869153345
30 0.06906512605042017 0.7986974541148608 0.016281512605042018 0.06808762581409118
7 0.06853991596638656 0.21255180580224986 0.015756302521008403 0.016577856719952634
5 0.12316176470588236 0.29484902309058614 0.025735294117647058 0.2403789224393132
9 0.10714285714285714 0.2525162818235642 0.009978991596638655 0.05150976909413854
14 0.10740546218487394 0.1995263469508585 0.011029411764705883 0.04322084073416223
32 0.17568277310924368 0.5062166962699822 0.038865546218487396 0.9490822972172883
8 0.17778361344537816 0.9650680876258141 0.011029411764705883 0.02486678507992895
17 0.17857142857142858 0.8460627590290113 0.013130252100840336 0.07460035523978685
4 0.17778361344537816 0.6566015393724097 0.013130252100840336 0.16518650088809947
12 0.17778361344537816 0.4837181764357608 0.011554621848739496 0.04085257548845471
16 0.17778361344537816 0.35168738898756663 0.013130252100840336 0.08703374777975133
5 0.31381302521008403 0.40082889283599765 0.013130252100840336 0.013025458851391355