3 0.48526260504201685 0.013495670995670997 0.5614443277310923 0.026991341991341993
30 0.23475840336134454 0.011915584415584416 0.05951155462184871 0.015589826839826838
7 0.755094537815126 0.01277056277056277 0.01357668067226886 0.01591991341991342
5 0.6805987394957983 0.06932359307359308 0.21263130252100834 0.02345238095238097
9 0.7187762605042016 0.05201298701298702 0.0443434873949579 0.010698051948051953
14 0.766328781512605 0.05224567099567099 0.037888655462184805 0.01022727272727273
32 0.49345588235294113 0.12731060606060607 0.841953781512605 0.028106060606060603
8 0.08652310924369748 0.12509199134199134 0.024353991596638657 0.01080627705627704
17 0.1927888655462185 0.125021645021645 0.06709558823529412 0.013235930735930724
4 0.35942752100840336 0.1255573593073593 0.14445378151260502 0.01559523809523809
12 0.5150997899159664 0.12530844155844156 0.03509453781512602 0.0138095238095238
16 0.6331197478991597 0.1253409090909091 0.07762605042016817 0.012591991341991331
2 0.9774894957983193 0.6579978354978355 0.02731617647058835 0.11965909090909096
5 0.5873424369747899 0.2658008658008658 0.009522058823529468 0.011634199134199134
26 0.015309873949579831 0.7154545454545455 0.019332983193277312 0.021152597402597482
28 0.015609243697478991 0.7367911255411255 0.018644957983193277 0.0193993506493506
29 0.01505252100840336 0.7589502164502164 0.018188025210084034 0.019853896103896134