22 0.5013333333333333 0.873046875 0.732 0.25390625
25 0.544 0.9365234375 0.05733333333333333 0.0419921875
25 0.716 0.974609375 0.018666666666666668 0.013671875
31 0.17466666666666666 0.9736328125 0.06933333333333333 0.0087890625
34 0.43466666666666665 0.97265625 0.21333333333333335 0.0087890625
9 0.5893333333333334 0.9736328125 0.08933333333333333 0.0087890625
4 0.344 0.0703125 0.144 0.0126953125
17 0.5133333333333333 0.0693359375 0.092 0.017578125
0 0.49733333333333335 0.6806640625 0.6386666666666667 0.052734375
21 0.348 0.798828125 0.052 0.009765625
16 0.188 0.7978515625 0.09733333333333333 0.009765625
26 0.712 0.8056640625 0.025333333333333333 0.0205078125
28 0.712 0.8291015625 0.024 0.0185546875
29 0.712 0.853515625 0.025333333333333333 0.0185546875
30 0.7733333333333333 0.974609375 0.08666666666666667 0.017578125
1 0.3466666666666667 0.5087890625 0.4093333333333333 0.15625