1 0.49466666666666664 0.2353515625 0.9133333333333333 0.22265625
32 0.49866666666666665 0.1044921875 0.8706666666666667 0.0263671875
8 0.08 0.1103515625 0.02666666666666667 0.0087890625
17 0.18266666666666667 0.1103515625 0.07866666666666666 0.009765625
4 0.36133333333333334 0.1103515625 0.17866666666666667 0.009765625
12 0.5253333333333333 0.1103515625 0.04133333333333333 0.0087890625
16 0.6413333333333333 0.1103515625 0.092 0.01171875
3 0.48533333333333334 0.01171875 0.6973333333333334 0.0234375
7 0.8226666666666667 0.01171875 0.016 0.0126953125
5 0.732 0.0595703125 0.26666666666666666 0.0234375
14 0.836 0.0458984375 0.04933333333333333 0.0078125
9 0.7773333333333333 0.0458984375 0.05733333333333333 0.0078125
5 0.8493333333333334 0.0595703125 0.02266666666666667 0.0166015625
2 0.984 0.150390625 0.032 0.1044921875
26 0.018666666666666668 0.12890625 0.021333333333333333 0.017578125
28 0.018666666666666668 0.1484375 0.024 0.015625
29 0.018666666666666668 0.16796875 0.02266666666666667 0.017578125
30 0.17733333333333334 0.01171875 0.07333333333333333 0.013671875