1 0.5053333333333333 0.7646484375 0.9133333333333333 0.22265625
32 0.5013333333333333 0.8955078125 0.8706666666666667 0.0263671875
8 0.92 0.8896484375 0.02666666666666667 0.0087890625
17 0.8173333333333334 0.8896484375 0.07866666666666666 0.009765625
4 0.6386666666666667 0.8896484375 0.17866666666666667 0.009765625
12 0.4746666666666667 0.8896484375 0.04133333333333333 0.0087890625
16 0.3586666666666667 0.8896484375 0.092 0.01171875
3 0.5146666666666667 0.98828125 0.6973333333333334 0.0234375
7 0.17733333333333334 0.98828125 0.016 0.0126953125
5 0.268 0.9404296875 0.26666666666666666 0.0234375
14 0.164 0.9541015625 0.04933333333333333 0.0078125
9 0.22266666666666668 0.9541015625 0.05733333333333333 0.0078125
5 0.15066666666666667 0.9404296875 0.02266666666666667 0.0166015625
2 0.016 0.849609375 0.032 0.1044921875
26 0.9813333333333333 0.87109375 0.021333333333333333 0.017578125
28 0.9813333333333333 0.8515625 0.024 0.015625
29 0.9813333333333333 0.83203125 0.02266666666666667 0.017578125
30 0.8226666666666667 0.98828125 0.07333333333333333 0.013671875