0 0.5021156558533145 0.30078125 0.6389280677009873 0.052734375
22 0.4978843441466855 0.12109375 0.7362482369534555 0.2421875
25 0.45839210155148097 0.060546875 0.05782792665726375 0.0390625
25 0.2849083215796897 0.0234375 0.01692524682651622 0.0126953125
26 0.28772919605077574 0.1845703125 0.022566995768688293 0.0185546875
28 0.28772919605077574 0.1611328125 0.023977433004231313 0.0185546875
29 0.28772919605077574 0.138671875 0.023977433004231313 0.0166015625
21 0.6516220028208745 0.1904296875 0.05077574047954866 0.0087890625
31 0.8251057827926658 0.025390625 0.07052186177715092 0.0087890625
34 0.5655853314527504 0.0263671875 0.21297602256699577 0.0068359375
9 0.4090267983074753 0.025390625 0.09026798307475317 0.0078125
1 0.6530324400564175 0.46484375 0.4104372355430183 0.150390625
4 0.6558533145275035 0.8798828125 0.14245416078984485 0.0126953125
17 0.48660084626234135 0.8798828125 0.0930888575458392 0.0146484375
5 0.22566995768688294 0.0234375 0.08885754583921016 0.0166015625