3 0.483655462184874 0.02921911421911422 0.5592384453781513 0.05842657342657344
30 0.23397058823529412 0.026025641025641023 0.059873949579831935 0.04097902097902097
7 0.754968487394958 0.026037296037296043 0.013550420168067323 0.03033799533799534
5 0.6804096638655462 0.14814685314685314 0.21128676470588234 0.05320512820512821
9 0.719280462184874 0.11336829836829837 0.04545168067226889 0.01924242424242423
14 0.7662079831932772 0.11328671328671329 0.03793067226890746 0.020699300699300687
32 0.4939863445378151 0.2606993006993007 0.8502783613445377 0.08156177156177158
8 0.08538865546218488 0.2687762237762238 0.027169117647058833 0.028729603729603703
17 0.1921218487394958 0.26812354312354314 0.06777836134453785 0.02741258741258739
4 0.3607563025210084 0.2691025641025641 0.14649684873949584 0.03593240093240092
12 0.5152888655462184 0.26944055944055945 0.03597163865546219 0.030034965034965014
16 0.6314810924369747 0.26944055944055945 0.07776260504201678 0.030034965034965014
5 0.7290966386554623 0.5717715617715617 0.01086659663865549 0.023927738927738897
2 0.9781880252100841 0.7245687645687645 0.026706932773109197 0.2582517482517482
26 0.01513655462184874 0.7341142191142191 0.018755252100840333 0.04342657342657342
28 0.014816176470588235 0.7804778554778554 0.018823529411764708 0.041503496503496384
29 0.015309873949579831 0.8284149184149184 0.018398109243697478 0.042738927738927825