0 0.4970414201183432 0.712890625 0.6301775147928994 0.046875
22 0.4985207100591716 0.8837890625 0.7337278106508875 0.2314453125
25 0.5428994082840237 0.943359375 0.0695266272189349 0.0458984375
25 0.7144970414201184 0.9775390625 0.020710059171597635 0.015625
29 0.7115384615384616 0.8681640625 0.02514792899408284 0.017578125
28 0.7115384615384616 0.8466796875 0.023668639053254437 0.017578125
26 0.7115384615384616 0.82421875 0.023668639053254437 0.017578125
31 0.17455621301775148 0.9755859375 0.07100591715976332 0.0078125
34 0.4334319526627219 0.9755859375 0.21449704142011836 0.0078125
9 0.5902366863905325 0.9755859375 0.09023668639053255 0.0087890625
21 0.34763313609467456 0.818359375 0.05029585798816568 0.009765625
16 0.1878698224852071 0.818359375 0.09763313609467456 0.009765625
4 0.34467455621301774 0.162109375 0.14053254437869822 0.015625
17 0.5133136094674556 0.1611328125 0.09763313609467456 0.0146484375
30 0.772189349112426 0.9775390625 0.08875739644970414 0.01171875