1 0.49614791987673346 0.1650390625 0.9907550077041603 0.197265625
2 0.9845916795069337 0.1220703125 0.030816640986132512 0.0732421875
32 0.4946070878274268 0.0517578125 0.6733436055469953 0.02734375
8 0.17565485362095531 0.05078125 0.030816640986132512 0.0078125
17 0.275808936825886 0.0546875 0.12018489984591679 0.0166015625
4 0.4514637904468413 0.05078125 0.18489984591679506 0.0107421875
12 0.5916795069337443 0.05078125 0.04468412942989214 0.0078125
11 0.7627118644067796 0.05078125 0.04314329738058552 0.0078125
16 0.42989214175654855 0.283203125 0.12018489984591679 0.009765625
4 0.5701078582434514 0.283203125 0.12788906009244994 0.0107421875
11 0.5100154083204931 0.515625 0.07395993836671803 0.01171875
5 0.7303543913713405 0.0166015625 0.26348228043143296 0.017578125