3 0.8434873949579832 0.4948529411764706 0.026260504201680673 0.8330882352941177
30 0.8445378151260504 0.13161764705882353 0.017857142857142856 0.10294117647058823
7 0.8445378151260504 0.8985294117647059 0.014705882352941176 0.021323529411764706
5 0.7846638655462185 0.7602941176470588 0.026260504201680673 0.29705882352941176
9 0.8059348739495799 0.8058823529411765 0.009453781512605041 0.06838235294117648
14 0.8061974789915967 0.8768382352941176 0.009978991596638655 0.058823529411764705
32 0.7394957983193278 0.4915441176470588 0.03623949579831933 0.7477941176470588
8 0.7400210084033614 0.13566176470588234 0.01050420168067227 0.03235294117647059
17 0.7355567226890757 0.25220588235294117 0.02153361344537815 0.13161764705882353
4 0.7360819327731093 0.41875 0.019432773109243698 0.1323529411764706
12 0.7400210084033614 0.5525735294117647 0.009978991596638655 0.06470588235294118
13 0.7400210084033614 0.675 0.01050420168067227 0.10808823529411765
11 0.7394957983193278 0.7871323529411764 0.011554621848739496 0.047058823529411764
17 0.7014180672268907 0.26544117647058824 0.009978991596638655 0.23897058823529413
17 0.6746323529411765 0.3261029411764706 0.01838235294117647 0.47205882352941175
5 0.6397058823529411 0.6477941176470589 0.011029411764705883 0.013235294117647059
6 0.43907563025210083 0.22573529411764706 0.009978991596638655 0.15441176470588236
10 0.40913865546218486 0.19448529411764706 0.01207983193277311 0.0875
16 0.3172268907563025 0.18419117647058825 0.011029411764705883 0.0661764705882353
12 0.2867647058823529 0.18161764705882352 0.012605042016806723 0.061764705882352944