1 0.49614791987673346 0.1640625 0.9892141756548536 0.1943359375
2 0.9845916795069337 0.123046875 0.030816640986132512 0.0751953125
32 0.4915254237288136 0.05078125 0.6764252696456087 0.02734375
11 0.7611710323574731 0.05078125 0.03852080123266564 0.0068359375
5 0.7303543913713405 0.015625 0.2650231124807396 0.01953125
5 0.847457627118644 0.017578125 0.026194144838212634 0.017578125
8 0.17411402157164868 0.05078125 0.030816640986132512 0.0078125
17 0.27426810477657937 0.0546875 0.11710323574730354 0.0146484375
17 0.44992295839753466 0.0498046875 0.1802773497688752 0.0087890625
12 0.588597842835131 0.05078125 0.04314329738058552 0.009765625
16 0.42989214175654855 0.283203125 0.11556240369799692 0.01171875
4 0.5701078582434514 0.2841796875 0.12480739599383667 0.01171875
11 0.5100154083204931 0.515625 0.06779661016949153 0.0107421875