25 0.17463235294117646 0.07794117647058824 0.023109243697478993 0.03235294117647059
30 0.17436974789915966 0.18125 0.022584033613445378 0.13308823529411765
22 0.4989495798319328 0.5 0.571953781512605 0.9088235294117647
31 0.2618172268907563 0.5099264705882353 0.01050420168067227 0.08676470588235294
26 0.29989495798319327 0.13345588235294117 0.014180672268907563 0.019852941176470587
27 0.29989495798319327 0.2426470588235294 0.014705882352941176 0.021323529411764706
33 0.4527310924369748 0.22683823529411765 0.009978991596638655 0.20588235294117646
19 0.4845063025210084 0.18455882352941178 0.008928571428571428 0.1213235294117647
20 0.501313025210084 0.18676470588235294 0.009978991596638655 0.12573529411764706
23 0.603203781512605 0.18382352941176472 0.01050420168067227 0.11985294117647059
21 0.7022058823529411 0.1536764705882353 0.008928571428571428 0.06102941176470588