1 0.5038520801232665 0.1650390625 0.9907550077041603 0.197265625
2 0.015408320493066256 0.1220703125 0.030816640986132512 0.0732421875
32 0.5053929121725732 0.0517578125 0.6733436055469953 0.02734375
8 0.8243451463790447 0.05078125 0.030816640986132512 0.0078125
17 0.724191063174114 0.0546875 0.12018489984591679 0.0166015625
4 0.5485362095531587 0.05078125 0.18489984591679506 0.0107421875
12 0.4083204930662558 0.05078125 0.04468412942989214 0.0078125
11 0.23728813559322035 0.05078125 0.04314329738058552 0.0078125
16 0.5701078582434514 0.283203125 0.12018489984591679 0.009765625
4 0.42989214175654855 0.283203125 0.12788906009244994 0.0107421875
11 0.4899845916795069 0.515625 0.07395993836671803 0.01171875
5 0.2696456086286595 0.0166015625 0.26348228043143296 0.017578125