3 0.4963235294117647 0.01911764705882353 0.595063025210084 0.03676470588235294
30 0.23686974789915966 0.01764705882352941 0.07352941176470588 0.025
7 0.7846638655462185 0.01764705882352941 0.01523109243697479 0.020588235294117647
5 0.6859243697478992 0.10147058823529412 0.21218487394957983 0.03676470588235294
9 0.7184873949579832 0.07169117647058823 0.04884453781512605 0.013235294117647059
14 0.7691701680672269 0.0713235294117647 0.04201680672268908 0.013970588235294118
32 0.49396008403361347 0.16470588235294117 0.5341386554621849 0.05073529411764706
8 0.23975840336134455 0.16397058823529412 0.023109243697478993 0.014705882352941176
17 0.3230042016806723 0.17022058823529412 0.0940126050420168 0.030147058823529412
4 0.4419642857142857 0.16948529411764707 0.09453781512605042 0.027205882352941177
12 0.5375525210084033 0.16397058823529412 0.046218487394957986 0.013970588235294118
13 0.625 0.16397058823529412 0.07720588235294118 0.014705882352941176
11 0.7050945378151261 0.16470588235294117 0.03361344537815126 0.016176470588235296
17 0.3324579831932773 0.21801470588235294 0.17069327731092437 0.013970588235294118
17 0.3757878151260504 0.2555147058823529 0.33718487394957986 0.025735294117647058
5 0.6055672268907563 0.3044117647058823 0.009453781512605041 0.015441176470588236
6 0.30409663865546216 0.5852941176470589 0.11029411764705882 0.013970588235294118
10 0.2817752100840336 0.6272058823529412 0.0625 0.016911764705882352
16 0.27442226890756305 0.7558823529411764 0.04726890756302521 0.015441176470588236
12 0.27258403361344535 0.7985294117647059 0.04411764705882353 0.01764705882352941