3 0.4962710084033614 0.01915441176470588 0.5949317226890757 0.036742647058823526
30 0.236859243697479 0.017786764705882353 0.0733035714285714 0.024838235294117647
7 0.7847111344537815 0.01772058823529412 0.015068277310924399 0.020779411764705887
5 0.6858665966386556 0.10147794117647058 0.21200105042016812 0.036433823529411775
9 0.7184138655462184 0.07163970588235295 0.04892331932773114 0.013419117647058823
14 0.769280462184874 0.07131617647058823 0.04218487394957992 0.014073529411764717
32 0.4940283613445378 0.16463235294117648 0.5343434873949581 0.05078676470588235
8 0.2398529411764706 0.16403676470588235 0.02318277310924369 0.014926470588235303
17 0.3229779411764706 0.17019117647058823 0.09404936974789913 0.0298455882352941
4 0.44201155462184877 0.16947058823529412 0.09459558823529407 0.027095588235294135
12 0.5375735294117647 0.1641029411764706 0.04632878151260506 0.013749999999999991
13 0.625 0.16403676470588235 0.0771743697478992 0.014926470588235303
11 0.7051365546218487 0.16456617647058824 0.03359243697478993 0.0159779411764706
17 0.3324212184873949 0.21793382352941176 0.1709086134453782 0.014058823529411768
17 0.3757510504201681 0.25569117647058826 0.3370640756302521 0.025426470588235325
5 0.6056932773109244 0.30424999999999996 0.009574579831932783 0.015183823529411748
6 0.3039705882352941 0.5852426470588235 0.1101943277310924 0.014176470588235275
10 0.2818329831932773 0.6272720588235294 0.06275735294117647 0.0172352941176471
16 0.2745220588235294 0.7560588235294118 0.04709033613445383 0.015338235294117741
12 0.27257878151260506 0.7984338235294117 0.044248949579831935 0.017904411764705815