25 0.1984716386554622 0.9556544117647059 0.023198529411764684 0.032536764705882355
30 0.27240546218487394 0.9559411764705882 0.09504201680672271 0.031963235294117834
22 0.4998949579831933 0.5014411764705883 0.649154411764706 0.8010955882352939
31 0.5071218487394957 0.8333014705882352 0.06173844537815135 0.014426470588235214
26 0.2382300420168067 0.7800367647058822 0.013996848739495787 0.019573529411764625
27 0.31613445378151256 0.7800000000000001 0.01530987394957988 0.02029411764705909
33 0.3048424369747899 0.5660808823529411 0.1473056722689076 0.013735294117647272
19 0.2745850840336134 0.5218676470588234 0.08679096638655462 0.012227941176470669
20 0.2762762605042017 0.49805147058823523 0.08965861344537818 0.014264705882353007
23 0.2740598739495798 0.3556470588235295 0.08575105042016806 0.015066176470588074
21 0.2526470588235294 0.21683823529411772 0.043440126050420184 0.012816176470588116