0 0.6949152542372882 0.583984375 0.26810477657935283 0.0341796875
22 0.5007704160246533 0.8115234375 0.8043143297380585 0.2802734375
31 0.3605546995377504 0.9228515625 0.08012326656394453 0.009765625
25 0.1263482280431433 0.98046875 0.032357473035439135 0.0205078125
34 0.5901386748844376 0.9228515625 0.05084745762711865 0.009765625
33 0.23266563944530047 0.814453125 0.13405238828967642 0.0068359375
21 0.1941448382126348 0.734375 0.053929121725731895 0.0068359375
26 0.17565485362095531 0.8916015625 0.01694915254237288 0.01171875
27 0.3405238828967643 0.8916015625 0.01848998459167951 0.01171875
28 0.5238828967642527 0.8916015625 0.01848998459167951 0.0126953125
24 0.6671802773497689 0.8916015625 0.01848998459167951 0.01171875
30 0.21571648690292758 0.98046875 0.12172573189522343 0.017578125