25 0.19852941176470587 0.955514705882353 0.023109243697478993 0.03235294117647059
30 0.27232142857142855 0.9558823529411765 0.09506302521008403 0.03161764705882353
22 0.5 0.5014705882352941 0.6491596638655462 0.8007352941176471
31 0.5070903361344538 0.8334558823529412 0.06197478991596639 0.014705882352941176
26 0.23818277310924368 0.7801470588235294 0.014180672268907563 0.019852941176470587
27 0.3161764705882353 0.7801470588235294 0.01523109243697479 0.020588235294117647
33 0.30488445378151263 0.5661764705882353 0.14705882352941177 0.013970588235294118
19 0.27468487394957986 0.5216911764705883 0.08665966386554622 0.0125
20 0.2762605042016807 0.49816176470588236 0.0898109243697479 0.013970588235294118
23 0.27415966386554624 0.35551470588235295 0.08560924369747899 0.014705882352941176
21 0.25262605042016806 0.21691176470588236 0.043592436974789914 0.0125