0 0.7087827426810478 0.583984375 0.3359013867488444 0.03515625
25 0.12480739599383667 0.98046875 0.03389830508474576 0.021484375
22 0.5007704160246533 0.8115234375 0.8073959938366718 0.2763671875
21 0.1926040061633282 0.734375 0.053929121725731895 0.0078125
33 0.23266563944530047 0.8134765625 0.13097072419106318 0.0078125
31 0.35901386748844377 0.9228515625 0.08012326656394453 0.0087890625
34 0.5901386748844376 0.9228515625 0.04930662557781202 0.0087890625
26 0.17565485362095531 0.8916015625 0.01848998459167951 0.01171875
27 0.3405238828967643 0.8916015625 0.015408320493066256 0.0107421875
28 0.5238828967642527 0.892578125 0.01694915254237288 0.0107421875
24 0.6671802773497689 0.892578125 0.01694915254237288 0.0107421875
30 0.2172573189522342 0.9794921875 0.11710323574730354 0.0166015625