3 0.49902912621359224 0.0087890625 0.7864077669902912 0.0166015625
5 0.23883495145631067 0.0390625 0.26601941747572816 0.0146484375
9 0.1378640776699029 0.0234375 0.05825242718446602 0.005859375
32 0.5145631067961165 0.0576171875 0.7514563106796116 0.0205078125
1 0.5 0.123046875 1 0.111328125
8 0.8679611650485437 0.05859375 0.031067961165048542 0.0068359375
17 0.7514563106796116 0.0595703125 0.1145631067961165 0.0126953125
4 0.6233009708737864 0.05859375 0.10679611650485436 0.0107421875
12 0.5184466019417475 0.05859375 0.05825242718446602 0.0068359375
11 0.39611650485436894 0.05859375 0.04271844660194175 0.0068359375
10 0.2524271844660194 0.05859375 0.06407766990291262 0.0068359375
2 0.013592233009708738 0.115234375 0.02524271844660194 0.0478515625
17 0.7611650485436893 0.21875 0.0854368932038835 0.0068359375
16 0.49902912621359224 0.2216796875 0.06990291262135923 0.0126953125
5 0.12427184466019417 0.0390625 0.021359223300970873 0.01171875
30 0.8446601941747572 0.0078125 0.08932038834951456 0.009765625
12 0.7650485436893204 0.4755859375 0.05242718446601942 0.005859375
12 0.44271844660194176 0.474609375 0.05048543689320388 0.005859375
12 0.44271844660194176 0.685546875 0.05048543689320388 0.0048828125
12 0.7631067961165049 0.6982421875 0.05242718446601942 0.005859375
12 0.44271844660194176 0.8955078125 0.05048543689320388 0.005859375
12 0.7631067961165049 0.921875 0.05436893203883495 0.0048828125