16 0.34368932038834954 0.130859375 0.06407766990291262 0.0126953125
0 0.49902912621359224 0.6416015625 0.566990291262136 0.0576171875
22 0.5009708737864078 0.822265625 0.7883495145631068 0.267578125
25 0.12815533980582525 0.984375 0.036893203883495145 0.01953125
17 0.38058252427184464 0.9375 0.06019417475728155 0.0048828125
31 0.45048543689320386 0.9375 0.06019417475728155 0.005859375
34 0.32233009708737864 0.9375 0.038834951456310676 0.0048828125
23 0.19029126213592232 0.837890625 0.0854368932038835 0.0048828125
23 0.19029126213592232 0.90234375 0.08737864077669903 0.0048828125
21 0.16893203883495145 0.8955078125 0.04271844660194175 0.0048828125
23 0.19029126213592232 0.8740234375 0.0854368932038835 0.0048828125
21 0.16893203883495145 0.859375 0.04271844660194175 0.0048828125
21 0.16893203883495145 0.830078125 0.04466019417475728 0.00390625
26 0.15728155339805824 0.7890625 0.019417475728155338 0.009765625
29 0.1553398058252427 0.8046875 0.017475728155339806 0.009765625
28 0.5087378640776699 0.7890625 0.017475728155339806 0.009765625
33 0.22135922330097088 0.7607421875 0.14757281553398058 0.0048828125
19 0.19223300970873786 0.7529296875 0.08737864077669903 0.005859375
20 0.19223300970873786 0.74609375 0.0912621359223301 0.0048828125
23 0.19223300970873786 0.724609375 0.08737864077669903 0.0048828125
21 0.16893203883495145 0.716796875 0.04466019417475728 0.0048828125
30 0.24854368932038834 0.9833984375 0.11650485436893204 0.013671875