3 0.5009708737864078 0.0087890625 0.7844660194174757 0.0166015625
32 0.487378640776699 0.056640625 0.7514563106796116 0.0185546875
5 0.7611650485436893 0.0380859375 0.26601941747572816 0.013671875
9 0.8640776699029126 0.0234375 0.05825242718446602 0.0048828125
1 0.5009708737864078 0.123046875 0.9398058252427185 0.1123046875
8 0.13203883495145632 0.05859375 0.02524271844660194 0.0048828125
17 0.24660194174757283 0.05859375 0.11262135922330097 0.01171875
4 0.3766990291262136 0.05859375 0.10679611650485436 0.0107421875
12 0.4815533980582524 0.05859375 0.05242718446601942 0.0068359375
11 0.6058252427184466 0.05859375 0.038834951456310676 0.005859375
10 0.7475728155339806 0.05859375 0.062135922330097085 0.005859375
2 0.9864077669902913 0.115234375 0.027184466019417475 0.0498046875
17 0.23883495145631067 0.21875 0.07766990291262135 0.0068359375
16 0.5009708737864078 0.2216796875 0.06019417475728155 0.0126953125
5 0.8737864077669902 0.0380859375 0.021359223300970873 0.01171875
12 0.5572815533980583 0.4755859375 0.05631067961165048 0.005859375
12 0.23689320388349513 0.4755859375 0.05436893203883495 0.0068359375
12 0.23495145631067962 0.6982421875 0.05436893203883495 0.005859375
12 0.5572815533980583 0.685546875 0.05631067961165048 0.0048828125
12 0.5592233009708738 0.8955078125 0.05242718446601942 0.0048828125
12 0.23495145631067962 0.9208984375 0.05436893203883495 0.005859375
30 0.1533980582524272 0.0078125 0.08932038834951456 0.0107421875