16 0.658252427184466 0.130859375 0.062135922330097085 0.013671875
0 0.5009708737864078 0.6396484375 0.5689320388349515 0.03515625
22 0.49902912621359224 0.822265625 0.7902912621359224 0.267578125
25 0.8718446601941747 0.9833984375 0.038834951456310676 0.0205078125
31 0.5495145631067961 0.9375 0.06019417475728155 0.0048828125
17 0.6194174757281553 0.9375 0.062135922330097085 0.005859375
34 0.6776699029126214 0.9375 0.038834951456310676 0.00390625
23 0.8077669902912621 0.724609375 0.08737864077669903 0.0048828125
21 0.8310679611650486 0.7177734375 0.04271844660194175 0.0048828125
33 0.7786407766990291 0.7607421875 0.14757281553398058 0.005859375
19 0.8097087378640777 0.7529296875 0.08932038834951456 0.0048828125
20 0.8077669902912621 0.74609375 0.0912621359223301 0.0048828125
26 0.8427184466019417 0.7900390625 0.017475728155339806 0.0087890625
29 0.8427184466019417 0.8046875 0.017475728155339806 0.009765625
28 0.4912621359223301 0.7900390625 0.017475728155339806 0.0087890625
23 0.8077669902912621 0.837890625 0.08737864077669903 0.0048828125
21 0.8310679611650486 0.830078125 0.04271844660194175 0.00390625
21 0.8310679611650486 0.859375 0.04466019417475728 0.0048828125
23 0.8097087378640777 0.873046875 0.08737864077669903 0.0048828125
23 0.8077669902912621 0.90234375 0.08737864077669903 0.0048828125
21 0.8310679611650486 0.89453125 0.04466019417475728 0.00390625
30 0.7514563106796116 0.984375 0.11650485436893204 0.013671875