22 0.5033112582781457 0.2177734375 0.7536423841059603 0.3251953125
25 0.152317880794702 0.0234375 0.03443708609271523 0.0263671875
31 0.3403973509933775 0.0966796875 0.054304635761589407 0.0224609375
34 0.4675496688741722 0.095703125 0.09006622516556291 0.0244140625
26 0.20794701986754968 0.162109375 0.019867549668874173 0.013671875
29 0.20794701986754968 0.1357421875 0.019867549668874173 0.0146484375
28 0.44900662251655626 0.1630859375 0.017218543046357615 0.0126953125
27 0.609271523178808 0.162109375 0.017218543046357615 0.013671875
33 0.28741721854304636 0.23046875 0.18410596026490067 0.0087890625
19 0.247682119205298 0.2421875 0.10331125827814569 0.009765625
23 0.247682119205298 0.2880859375 0.10463576158940398 0.009765625
21 0.22119205298013245 0.3125 0.052980132450331126 0.0078125
30 0.2423841059602649 0.0244140625 0.1152317880794702 0.021484375