1 0.4966887417218543 0.2109375 0.990728476821192 0.2001953125
32 0.49403973509933774 0.091796875 0.6913907284768211 0.0302734375
11 0.6966887417218544 0.0966796875 0.04105960264900662 0.0107421875
5 0.7470198675496689 0.0556640625 0.22913907284768212 0.0244140625
9 0.8304635761589404 0.0361328125 0.059602649006622516 0.0087890625
5 0.847682119205298 0.0556640625 0.02781456953642384 0.021484375
3 0.49801324503311256 0.0126953125 0.7258278145695364 0.0234375
8 0.16423841059602648 0.0966796875 0.02913907284768212 0.0107421875
17 0.295364238410596 0.095703125 0.2052980132450331 0.01171875
4 0.5006622516556292 0.095703125 0.17350993377483442 0.009765625
12 0.6304635761589404 0.0966796875 0.052980132450331126 0.0087890625
2 0.9841059602649007 0.16015625 0.031788079470198675 0.0888671875
16 0.49801324503311256 0.353515625 0.27947019867549666 0.0185546875
7 0.8503311258278146 0.01171875 0.017218543046357615 0.013671875
30 0.1827814569536424 0.01171875 0.08741721854304636 0.0166015625