22 0.49933774834437084 0.7802734375 0.7509933774834437 0.3251953125
31 0.6582781456953642 0.9033203125 0.05562913907284768 0.0224609375
34 0.5337748344370861 0.9033203125 0.08874172185430464 0.02734375
25 0.8463576158940397 0.9765625 0.02913907284768212 0.02734375
33 0.7152317880794702 0.7685546875 0.1827814569536424 0.0107421875
19 0.7536423841059603 0.7578125 0.10596026490066225 0.009765625
26 0.7907284768211921 0.8369140625 0.018543046357615896 0.013671875
29 0.7920529801324503 0.8642578125 0.019867549668874173 0.013671875
28 0.552317880794702 0.837890625 0.018543046357615896 0.015625
27 0.39072847682119205 0.837890625 0.018543046357615896 0.0146484375
23 0.752317880794702 0.7109375 0.10728476821192053 0.009765625
21 0.7788079470198676 0.6875 0.05695364238410596 0.009765625
30 0.7589403973509934 0.9765625 0.11258278145695365 0.0185546875