1 0.495364238410596 0.2119140625 0.9894039735099338 0.2001953125
2 0.9841059602649007 0.1591796875 0.031788079470198675 0.08984375
5 0.7483443708609272 0.0556640625 0.2304635761589404 0.0234375
9 0.8304635761589404 0.037109375 0.060927152317880796 0.0107421875
5 0.847682119205298 0.0556640625 0.025165562913907286 0.021484375
32 0.49271523178807947 0.091796875 0.695364238410596 0.0322265625
11 0.695364238410596 0.0966796875 0.039735099337748346 0.013671875
3 0.49801324503311256 0.0126953125 0.7245033112582782 0.0244140625
7 0.8503311258278146 0.0107421875 0.019867549668874173 0.0146484375
8 0.1629139072847682 0.095703125 0.02781456953642384 0.0087890625
17 0.295364238410596 0.095703125 0.20794701986754968 0.0107421875
4 0.5006622516556292 0.095703125 0.1695364238410596 0.009765625
12 0.6304635761589404 0.09765625 0.05562913907284768 0.01171875
16 0.49933774834437084 0.3505859375 0.2847682119205298 0.0185546875