0 0.4973913043478261 0.3173828125 0.7165217391304348 0.060546875
22 0.4973913043478261 0.15625 0.7965217391304348 0.22265625
25 0.12521739130434784 0.0185546875 0.03130434782608696 0.01953125
34 0.2852173913043478 0.0771484375 0.24 0.0078125
26 0.17391304347826086 0.103515625 0.017391304347826087 0.0107421875
28 0.26956521739130435 0.103515625 0.019130434782608695 0.0107421875
29 0.35130434782608694 0.103515625 0.019130434782608695 0.009765625
27 0.44 0.103515625 0.019130434782608695 0.0107421875
20 0.29043478260869565 0.17578125 0.25217391304347825 0.0078125
33 0.2539130434782609 0.142578125 0.1808695652173913 0.0087890625
19 0.21739130434782608 0.1552734375 0.10956521739130434 0.0078125
21 0.19130434782608696 0.21484375 0.057391304347826085 0.0078125
31 0.5947826086956521 0.068359375 0.07304347826086957 0.0068359375
30 0.21565217391304348 0.017578125 0.11652173913043479 0.017578125