22 0.5002626050420168 0.3449612403100775 0.6465336134453782 0.4821705426356589
18 0.9834558823529411 0.03294573643410853 0.0273109243697479 0.043410852713178294
34 0.3282563025210084 0.175968992248062 0.19380252100840337 0.015503875968992248
26 0.23844537815126052 0.23217054263565892 0.01365546218487395 0.021705426356589147
28 0.3159138655462185 0.23217054263565892 0.014180672268907563 0.020930232558139535
29 0.38287815126050423 0.2317829457364341 0.01365546218487395 0.020155038759689922
27 0.45456932773109243 0.23255813953488372 0.013130252100840336 0.021705426356589147
12 0.25814075630252103 0.9813953488372092 0.05672268907563025 0.02248062015503876
33 0.30409663865546216 0.31627906976744186 0.1486344537815126 0.020155038759689922
19 0.27363445378151263 0.3430232558139535 0.08876050420168068 0.020930232558139535
20 0.3329831932773109 0.3883720930232558 0.20483193277310924 0.021705426356589147
21 0.25183823529411764 0.4686046511627907 0.045168067226890755 0.01937984496124031