3 0.17410714285714285 0.5050387596899225 0.025735294117647058 0.8798449612403101
30 0.17384453781512604 0.8891472868217054 0.015756302521008403 0.10775193798449613
7 0.17436974789915966 0.07945736434108527 0.014705882352941176 0.021705426356589147
5 0.23345588235294118 0.22635658914728682 0.023634453781512604 0.31085271317829455
9 0.21244747899159663 0.17906976744186046 0.008928571428571428 0.07131782945736434
14 0.21192226890756302 0.10348837209302325 0.009978991596638655 0.06356589147286822
32 0.2770483193277311 0.4968992248062015 0.03203781512605042 0.7465116279069768
8 0.27809873949579833 0.8527131782945736 0.009978991596638655 0.03488372093023256
17 0.28256302521008403 0.7003875968992248 0.018907563025210083 0.1387596899224806
4 0.28256302521008403 0.49496124031007754 0.02100840336134454 0.13953488372093023
12 0.27862394957983194 0.3302325581395349 0.011029411764705883 0.05193798449612403
6 0.27888655462184875 0.18372093023255814 0.011554621848739496 0.1062015503875969
17 0.3167016806722689 0.7503875968992249 0.009453781512605041 0.2627906976744186
17 0.34978991596638653 0.5472868217054263 0.023634453781512604 0.775968992248062
5 0.38839285714285715 0.12248062015503876 0.008928571428571428 0.013953488372093023
6 0.6536239495798319 0.8050387596899224 0.017331932773109245 0.19612403100775194
10 0.6938025210084033 0.8437984496124031 0.014180672268907563 0.1124031007751938
16 0.8114495798319328 0.8589147286821706 0.014705882352941176 0.08217054263565891