1 0.49217391304347824 0.8203125 0.9791304347826087 0.1708984375
32 0.4956521739130435 0.91796875 0.6260869565217392 0.0224609375
6 0.76 0.9189453125 0.09043478260869565 0.0107421875
5 0.7252173913043478 0.94921875 0.26260869565217393 0.0185546875
5 0.84 0.9501953125 0.029565217391304348 0.017578125
14 0.8260869565217391 0.96484375 0.05391304347826087 0.005859375
9 0.7634782608695653 0.96484375 0.06260869565217392 0.0078125
3 0.49043478260869566 0.990234375 0.7304347826086957 0.017578125
7 0.8452173913043478 0.9912109375 0.017391304347826087 0.009765625
12 0.6365217391304347 0.919921875 0.04173913043478261 0.0078125
8 0.20347826086956522 0.9189453125 0.03130434782608696 0.0068359375
17 0.33043478260869563 0.916015625 0.11652173913043479 0.013671875
4 0.5008695652173913 0.916015625 0.11652173913043479 0.0126953125
16 0.49391304347826087 0.701171875 0.3026086956521739 0.0146484375
11 0.4956521739130435 0.5068359375 0.09217391304347826 0.0126953125