22 0.5002310924369748 0.6552093023255813 0.6467542016806723 0.48212403100775164
18 0.9835714285714285 0.9671162790697674 0.02743697478991585 0.04351162790697683
34 0.3282300420168067 0.8239302325581395 0.19388130252100846 0.015232558139534601
26 0.23834558823529411 0.7679767441860466 0.013623949579831962 0.021844961240310302
28 0.31586659663865546 0.7680155038759688 0.014007352941176509 0.02118604651162785
29 0.3829516806722689 0.7683798449612403 0.01384978991596633 0.020457364341085527
27 0.4545745798319328 0.7675038759689922 0.013345588235294161 0.021627906976743903
12 0.25816701680672266 0.018744186046511676 0.056827731092437 0.022790697674418676
33 0.30415441176470587 0.6838992248062016 0.14862920168067228 0.020325581395349034
19 0.2736922268907563 0.6569457364341086 0.088797268907563 0.021310077519379675
20 0.3328676470588235 0.611751937984496 0.20495798319327732 0.02134108527131763
21 0.2518172268907563 0.5315271317829457 0.045042016806722686 0.019124031007751993