3 0.4965861344537815 0.9810077519379845 0.5961134453781513 0.03798449612403101
30 0.23634453781512604 0.9813953488372092 0.07300420168067227 0.023255813953488372
7 0.7849264705882353 0.9806201550387597 0.014705882352941176 0.021705426356589147
5 0.6853991596638656 0.8934108527131783 0.210609243697479 0.03488372093023256
9 0.717436974789916 0.9244186046511628 0.04831932773109244 0.01317829457364341
14 0.7686449579831933 0.9251937984496124 0.0430672268907563 0.014728682170542635
32 0.5021008403361344 0.8290697674418605 0.5057773109243697 0.047286821705426356
8 0.2610294117647059 0.8275193798449613 0.023634453781512604 0.014728682170542635
17 0.3642331932773109 0.8209302325581396 0.0940126050420168 0.027906976744186046
4 0.5034138655462185 0.8209302325581396 0.09453781512605042 0.031007751937984496
12 0.6150210084033614 0.8267441860465117 0.0351890756302521 0.01627906976744186
6 0.7142857142857143 0.8263565891472868 0.07195378151260504 0.017054263565891473
17 0.33035714285714285 0.7705426356589147 0.17804621848739496 0.013953488372093023
17 0.4679621848739496 0.7217054263565892 0.5257352941176471 0.03488372093023256
5 0.7557773109243697 0.6647286821705426 0.009453781512605041 0.01317829457364341
2 0.9858193277310925 0.31666666666666665 0.028361344537815126 0.17131782945736435
6 0.2933298319327731 0.27325581395348836 0.1328781512605042 0.02558139534883721
10 0.26706932773109243 0.21395348837209302 0.07615546218487394 0.020930232558139535
16 0.25682773109243695 0.040310077519379844 0.05567226890756303 0.021705426356589147