22 0.6050420168067226 0.4996124031007752 0.32668067226890757 0.9542635658914729
34 0.7195378151260504 0.7534883720930232 0.01050420168067227 0.28604651162790695
26 0.6814600840336135 0.8860465116279069 0.014705882352941176 0.020155038759689922
28 0.6814600840336135 0.7717054263565891 0.014180672268907563 0.020930232558139535
29 0.6817226890756303 0.6728682170542636 0.01365546218487395 0.020155038759689922
27 0.6811974789915967 0.5670542635658915 0.014705882352941176 0.01937984496124031
12 0.17384453781512604 0.8569767441860465 0.01523109243697479 0.08372093023255814
33 0.6244747899159664 0.7891472868217054 0.01365546218487395 0.2193798449612403
19 0.6063550420168067 0.834108527131783 0.014180672268907563 0.1310077519379845
20 0.5756302521008403 0.7465116279069768 0.014705882352941176 0.3023255813953488
21 0.5212710084033614 0.8662790697674418 0.013130252100840336 0.06666666666666667