3 0.49651260504201683 0.018992248062015504 0.5963497899159664 0.037689922480620155
30 0.23636029411764706 0.018472868217054263 0.0730094537815126 0.023217054263565892
7 0.7848214285714286 0.019224806201550388 0.01487920168067223 0.021720930232558142
5 0.6853991596638656 0.10674418604651162 0.21048844537815126 0.0352480620155039
9 0.7175630252100841 0.0754108527131783 0.048266806722689126 0.01317829457364341
14 0.768639705882353 0.07466666666666666 0.043203781512605156 0.014674418604651168
32 0.5022321428571429 0.17105426356589146 0.5056302521008404 0.04755813953488374
8 0.2611397058823529 0.17251162790697674 0.02345063025210083 0.014806201550387614
17 0.36419642857142853 0.17907751937984495 0.0940283613445378 0.027937984496124047
4 0.5035084033613445 0.17892248062015503 0.09451155462184876 0.03062790697674418
12 0.6149107142857143 0.17310852713178296 0.03513130252100834 0.01599999999999999
6 0.7142279411764706 0.17370542635658914 0.07193277310924372 0.01719379844961241
17 0.3303151260504201 0.2295968992248062 0.17797268907563019 0.014031007751938001
17 0.46784663865546217 0.2781705426356589 0.5258613445378153 0.03503875968992252
5 0.7556932773109243 0.33510077519379844 0.009222689075630223 0.013062015503875986
2 0.9857930672268908 0.6833488372093023 0.02841386554621844 0.1710155038759691
6 0.2932878151260504 0.7268294573643411 0.1328256302521009 0.025395348837209297
10 0.2670220588235294 0.7860930232558139 0.07597163865546218 0.020682170542635533
16 0.25694327731092437 0.9597984496124031 0.055819327731092425 0.02176744186046506