3 0.5076923076923077 0.0087890625 0.801923076923077 0.015625
5 0.7615384615384615 0.0390625 0.2653846153846154 0.013671875
9 0.8653846153846154 0.0234375 0.05961538461538462 0.0048828125
32 0.48846153846153845 0.0576171875 0.7538461538461538 0.0185546875
1 0.5 0.1240234375 1 0.111328125
8 0.1326923076923077 0.05859375 0.03461538461538462 0.0068359375
17 0.25 0.0595703125 0.11923076923076924 0.0107421875
4 0.3769230769230769 0.05859375 0.11346153846153846 0.01171875
12 0.4807692307692308 0.05859375 0.05576923076923077 0.0107421875
11 0.6057692307692307 0.05859375 0.046153846153846156 0.0107421875
10 0.7480769230769231 0.05859375 0.07115384615384615 0.0107421875
2 0.9875 0.11572265625 0.025 0.0478515625
16 0.3423076923076923 0.578125 0.07884615384615384 0.013671875