12 0.5596153846153846 0.0947265625 0.051923076923076926 0.005859375
0 0.5 0.625 0.5673076923076923 0.0546875
22 0.5 0.8134765625 0.7903846153846154 0.2841796875
31 0.45 0.9365234375 0.05961538461538462 0.00390625
17 0.38269230769230766 0.9365234375 0.06153846153846154 0.0048828125
34 0.3230769230769231 0.9365234375 0.038461538461538464 0.0048828125
26 0.1576923076923077 0.794921875 0.019230769230769232 0.0087890625
29 0.1576923076923077 0.8095703125 0.01730769230769231 0.0087890625
28 0.5076923076923077 0.794921875 0.01730769230769231 0.009765625
27 0.5096153846153846 0.8095703125 0.01730769230769231 0.0087890625
23 0.19038461538461537 0.8720703125 0.09038461538461538 0.0048828125
21 0.17115384615384616 0.89453125 0.046153846153846156 0.0048828125
23 0.19230769230769232 0.84375 0.08846153846153847 0.0048828125
33 0.2230769230769231 0.7744140625 0.14807692307692308 0.0048828125
19 0.19038461538461537 0.7666015625 0.08846153846153847 0.005859375
20 0.19230769230769232 0.751953125 0.09230769230769231 0.005859375
23 0.19230769230769232 0.7080078125 0.08653846153846154 0.0048828125
25 0.12884615384615383 0.9833984375 0.04038461538461539 0.0205078125
12 0.23653846153846153 0.2236328125 0.05384615384615385 0.005859375
30 0.25 0.984375 0.11538461538461539 0.0146484375