12 0.5576923076923077 0.09375 0.05576923076923077 0.005859375
0 0.5 0.625 0.5692307692307692 0.056640625
22 0.5 0.814453125 0.7903846153846154 0.28515625
25 0.12884615384615383 0.984375 0.04038461538461539 0.0205078125
31 0.45 0.9375 0.06153846153846154 0.0068359375
17 0.38076923076923075 0.9365234375 0.06346153846153846 0.005859375
34 0.3230769230769231 0.9365234375 0.04230769230769231 0.005859375
26 0.1576923076923077 0.794921875 0.01730769230769231 0.009765625
29 0.1576923076923077 0.8095703125 0.021153846153846155 0.009765625
28 0.5096153846153846 0.794921875 0.01730769230769231 0.009765625
27 0.5096153846153846 0.8095703125 0.01730769230769231 0.009765625
33 0.2230769230769231 0.7734375 0.15 0.0048828125
19 0.19230769230769232 0.7666015625 0.09038461538461538 0.0048828125
20 0.19423076923076923 0.751953125 0.09038461538461538 0.005859375
23 0.19230769230769232 0.7080078125 0.08653846153846154 0.0048828125
21 0.16923076923076924 0.701171875 0.04423076923076923 0.0048828125
30 0.25 0.984375 0.11538461538461539 0.0146484375