3 0.4980769230769231 0.0087890625 0.7903846153846154 0.0166015625
5 0.23653846153846153 0.0390625 0.2673076923076923 0.013671875
9 0.13653846153846153 0.0234375 0.057692307692307696 0.005859375
32 0.5096153846153846 0.0576171875 0.7557692307692307 0.0185546875
1 0.5 0.125 1 0.11328125
8 0.8673076923076923 0.0595703125 0.032692307692307694 0.005859375
17 0.7519230769230769 0.05859375 0.11346153846153846 0.0126953125
4 0.625 0.05859375 0.1076923076923077 0.01171875
12 0.5192307692307693 0.05859375 0.05384615384615385 0.0068359375
11 0.39615384615384613 0.0595703125 0.04807692307692308 0.0087890625
10 0.25 0.0595703125 0.07692307692307693 0.009765625
2 0.0125 0.1162109375 0.025 0.048828125
16 0.6576923076923077 0.578125 0.05961538461538462 0.0126953125
12 0.37115384615384617 0.7841796875 0.05384615384615385 0.005859375
30 0.8442307692307692 0.0078125 0.09038461538461538 0.0107421875
12 0.6942307692307692 0.8095703125 0.05 0.00390625
12 0.6961538461538461 0.92578125 0.05 0.0048828125