3 0.08849789915966387 0.5040148239654108 0.025735294117647058 0.6979617047560223
30 0.08771008403361344 0.8091414453366276 0.01680672268907563 0.0852378011117974
7 0.08744747899159663 0.16491661519456455 0.014180672268907563 0.017294626312538603
5 0.14705882352941177 0.2816553428042001 0.025735294117647058 0.24953675108091414
9 0.12578781512605042 0.24336009882643608 0.008928571428571428 0.05744286596664608
14 0.1255252100840336 0.18468190240889437 0.01050420168067227 0.05003088326127239
32 0.19275210084033614 0.4981470043236566 0.03413865546218487 0.6479308214947499
8 0.19301470588235295 0.8072884496602841 0.009453781512605041 0.02470660901791229
17 0.1959033613445378 0.7134033353922175 0.02100840336134454 0.11117974058060531
4 0.19669117647058823 0.576899320568252 0.019432773109243698 0.11179740580605312
12 0.19275210084033614 0.4737492279184682 0.01050420168067227 0.04076590487955528
13 0.19196428571428573 0.3810994441012971 0.011554621848739496 0.09017912291537987
5 0.30961134453781514 0.37492279184681904 0.011029411764705883 0.011117974058060531
8 0.23056722689075632 0.820568252007412 0.008928571428571428 0.026559604694255712
4 0.23109243697478993 0.48672019765287217 0.012605042016806723 0.15379864113650402
5 0.148109243697479 0.1701667696108709 0.02100840336134454 0.02347127856701668