3 0.49657563025210083 0.015935762816553425 0.5935346638655463 0.030457072266831378
30 0.2370903361344538 0.01523162445954293 0.07257352941176468 0.019660284126003704
7 0.7848004201680672 0.014879555281037675 0.014684873949579852 0.016609017912291538
5 0.6857457983193278 0.08507720815318098 0.21199579831932766 0.030179122915379872
9 0.7181039915966386 0.05984558369363805 0.049044117647058884 0.010240889437924653
14 0.7681775210084033 0.059722050648548484 0.04234768907563031 0.012353304508956145
32 0.5016176470588235 0.13872143298332304 0.550703781512605 0.040321185917232875
8 0.23863970588235295 0.13886967263743052 0.020751050420168064 0.010932674490426182
17 0.3184138655462185 0.14226683137739346 0.09442752100840335 0.02478072884496603
4 0.43463760504201676 0.14315009264978382 0.09521008403361343 0.023020382952439765
12 0.5223056722689076 0.13851760345892525 0.03488970588235286 0.012575663990117366
13 0.6009821428571428 0.1376961087090797 0.07641806722689076 0.013279802347127856
5 0.6064758403361344 0.27602223594811615 0.009516806722689019 0.012798023471278584
2 0.9862079831932773 0.6661951822112415 0.02758403361344537 0.13589252625077194
8 0.2273371848739496 0.1831315626930204 0.022457983193277305 0.010457072266831346
4 0.5113760504201681 0.18378011117974058 0.13058298319327724 0.014805435453983957
5 0.780577731092437 0.08612723903644225 0.01995798319327731 0.024688079061148876