3 0.4955357142857143 0.9811188811188811 0.5945378151260504 0.03636363636363636
30 0.23713235294117646 0.9825174825174825 0.07247899159663866 0.025174825174825177
7 0.7849264705882353 0.9835664335664336 0.01523109243697479 0.02097902097902098
14 0.6859243697478992 0.9038461538461539 0.21271008403361344 0.033566433566433566
9 0.7182247899159664 0.9325174825174826 0.04831932773109244 0.013286713286713287
14 0.7696953781512605 0.9321678321678322 0.04201680672268908 0.013986013986013986
32 0.4994747899159664 0.8454545454545455 0.5483193277310925 0.045454545454545456
8 0.23792016806722688 0.8451048951048951 0.02153361344537815 0.011888111888111888
17 0.3180147058823529 0.8374125874125874 0.09663865546218488 0.02727272727272727
4 0.43487394957983194 0.8388111888111888 0.0934873949579832 0.025874125874125874
12 0.521796218487395 0.8433566433566434 0.0351890756302521 0.013986013986013986
13 0.600577731092437 0.8437062937062937 0.0782563025210084 0.014685314685314685
17 0.3403361344537815 0.7912587412587413 0.17804621848739496 0.014685314685314685
17 0.3855042016806723 0.7559440559440559 0.3581932773109244 0.021678321678321677
5 0.6058298319327731 0.7108391608391609 0.011029411764705883 0.015384615384615385
2 0.9868697478991597 0.3255244755244755 0.026260504201680673 0.15524475524475526
10 0.2801995798319328 0.3157342657342657 0.06144957983193277 0.016783216783216783
6 0.30488445378151263 0.3559440559440559 0.11134453781512606 0.015384615384615385
12 0.27258403361344535 0.15244755244755245 0.04569327731092437 0.016083916083916083
16 0.27179621848739494 0.19405594405594406 0.043592436974789914 0.014685314685314685
8 0.22741596638655462 0.7916083916083916 0.022584033613445378 0.012587412587412588