22 0.499343487394958 0.6492471910112358 0.6481670168067225 0.5528707865168537
21 0.25310399159663866 0.45910112359550553 0.043156512605042 0.011016853932584086
26 0.23834558823529411 0.5384606741573034 0.013749999999999974 0.014224719101123433
28 0.31616596638655464 0.5387528089887641 0.013602941176470635 0.014803370786517058
29 0.3829779411764706 0.5384494382022472 0.013408613445378137 0.01463483146067426
27 0.45466386554621846 0.5384382022471911 0.013597689075630305 0.015044943820224576
23 0.2916123949579832 0.5973483146067416 0.1194747899159664 0.008438202247191256
21 0.27414915966386555 0.8430730337078652 0.04576680672268913 0.01355617977528096
21 0.2736764705882353 0.8159438202247191 0.042521008403361364 0.008780898876404555
21 0.27397058823529413 0.7886067415730336 0.04229516806722688 0.008500000000000061
21 0.2740493697478991 0.7623258426966293 0.04286239495798314 0.01075280898876423
34 0.3539915966386555 0.8726067415730336 0.2442331932773109 0.008988764044943821
18 0.9836239495798319 0.9753033707865169 0.030609243697479097 0.03417977528089896
19 0.5506302521008404 0.6535393258426967 0.0870798319327732 0.011848314606741656
23 0.3034663865546218 0.5778426966292135 0.14878676470588234 0.015393258426966087
20 0.5513918067226891 0.6360898876404493 0.09210084033613453 0.011938202247191011