22 0.5005252100840336 0.35084269662921347 0.648109243697479 0.5528089887640449
21 0.7468487394957983 0.5410112359550562 0.0430672268907563 0.011235955056179775
26 0.7615546218487395 0.4615168539325843 0.01365546218487395 0.014044943820224719
28 0.6838235294117647 0.46123595505617976 0.01365546218487395 0.014606741573033709
29 0.6171218487394958 0.4615168539325843 0.01365546218487395 0.014606741573033709
27 0.5454306722689075 0.4615168539325843 0.01365546218487395 0.015168539325842697
23 0.7085084033613446 0.40252808988764044 0.11922268907563026 0.008426966292134831
21 0.7258403361344538 0.15702247191011237 0.04569327731092437 0.01348314606741573
21 0.7263655462184874 0.18398876404494383 0.04254201680672269 0.008988764044943821
21 0.7261029411764706 0.21151685393258426 0.04254201680672269 0.008426966292134831
21 0.7258403361344538 0.23764044943820226 0.0430672268907563 0.010674157303370787
34 0.6460084033613446 0.12752808988764044 0.24422268907563024 0.008988764044943821
18 0.016281512605042018 0.024719101123595506 0.03046218487394958 0.034269662921348316
19 0.4493172268907563 0.3463483146067416 0.08718487394957983 0.011797752808988765
23 0.6964285714285714 0.42219101123595504 0.1486344537815126 0.015168539325842697
20 0.4485294117647059 0.36404494382022473 0.09191176470588236 0.011797752808988765