3 0.5036764705882353 0.9856741573033708 0.5945378151260504 0.028651685393258425
30 0.7639180672268907 0.9865168539325843 0.07352941176470588 0.016853932584269662
7 0.21481092436974789 0.9870786516853932 0.01365546218487395 0.015730337078651686
5 0.31407563025210083 0.922191011235955 0.210609243697479 0.02696629213483146
9 0.28125 0.9455056179775281 0.050945378151260504 0.010112359550561797
14 0.23109243697478993 0.9455056179775281 0.04201680672268908 0.011235955056179775
5 0.7237394957983193 0.7157303370786516 0.12867647058823528 0.02696629213483146
2 0.013392857142857142 0.3401685393258427 0.026785714285714284 0.12359550561797752
16 0.7576155462184874 0.8429775280898877 0.07510504201680672 0.019662921348314606
5 0.6699054621848739 0.7196629213483146 0.017331932773109245 0.019662921348314606
5 0.22006302521008403 0.9216292134831461 0.02153361344537815 0.02359550561797753