3 0.4955357142857143 0.01888111888111888 0.5945378151260504 0.03636363636363636
30 0.23713235294117646 0.017482517482517484 0.07247899159663866 0.025174825174825177
7 0.7849264705882353 0.016433566433566433 0.01523109243697479 0.02097902097902098
14 0.6859243697478992 0.09615384615384616 0.21271008403361344 0.033566433566433566
9 0.7182247899159664 0.06748251748251748 0.04831932773109244 0.013286713286713287
14 0.7696953781512605 0.06783216783216783 0.04201680672268908 0.013986013986013986
32 0.4994747899159664 0.15454545454545454 0.5483193277310925 0.045454545454545456
8 0.23792016806722688 0.15489510489510488 0.02153361344537815 0.011888111888111888
17 0.3180147058823529 0.16258741258741258 0.09663865546218488 0.02727272727272727
4 0.43487394957983194 0.16118881118881118 0.0934873949579832 0.025874125874125874
12 0.521796218487395 0.15664335664335666 0.0351890756302521 0.013986013986013986
13 0.600577731092437 0.15629370629370629 0.0782563025210084 0.014685314685314685
17 0.3403361344537815 0.20874125874125873 0.17804621848739496 0.014685314685314685
17 0.3855042016806723 0.24405594405594405 0.3581932773109244 0.021678321678321677
5 0.6058298319327731 0.2891608391608392 0.011029411764705883 0.015384615384615385
2 0.9868697478991597 0.6744755244755245 0.026260504201680673 0.15524475524475526
10 0.2801995798319328 0.6842657342657342 0.06144957983193277 0.016783216783216783
6 0.30488445378151263 0.644055944055944 0.11134453781512606 0.015384615384615385
12 0.27258403361344535 0.8475524475524475 0.04569327731092437 0.016083916083916083
16 0.27179621848739494 0.8059440559440559 0.043592436974789914 0.014685314685314685
8 0.22741596638655462 0.2083916083916084 0.022584033613445378 0.012587412587412588