22 0.3605567226890756 0.499438202247191 0.5168067226890757 0.6932584269662921
21 0.5383403361344538 0.23595505617977527 0.01050420168067227 0.046067415730337076
26 0.4640231092436975 0.2202247191011236 0.013130252100840336 0.014606741573033709
28 0.4637605042016807 0.30337078651685395 0.01365546218487395 0.014606741573033709
29 0.4640231092436975 0.3747191011235955 0.01365546218487395 0.014606741573033709
27 0.4640231092436975 0.45140449438202246 0.014180672268907563 0.014606741573033709
23 0.40887605042016806 0.2769662921348315 0.007878151260504201 0.12752808988764044
21 0.179359243697479 0.25842696629213485 0.012605042016806723 0.04887640449438202
21 0.20456932773109243 0.25786516853932584 0.008403361344537815 0.04550561797752809
21 0.23030462184873948 0.2581460674157303 0.007878151260504201 0.04550561797752809
21 0.2547268907563025 0.25842696629213485 0.009978991596638655 0.046067415730337076
34 0.15178571428571427 0.3438202247191011 0.008403361344537815 0.2612359550561798
19 0.35635504201680673 0.5542134831460674 0.011029411764705883 0.09325842696629214
23 0.4272584033613445 0.2898876404494382 0.014180672268907563 0.15898876404494383
20 0.37289915966386555 0.5550561797752809 0.011029411764705883 0.09831460674157304