18 0.9836607142857143 0.9697272727272728 0.029212184873949523 0.04204195804195796
22 0.5001995798319329 0.5634965034965036 0.6499474789915967 0.6928741258741256
34 0.3539548319327731 0.8417482517482516 0.246391806722689 0.013139860139860115
19 0.5499107142857143 0.5688111888111889 0.08797794117647047 0.01141258741258721
20 0.5516806722689076 0.5445454545454544 0.09056197478991589 0.015125874125874203
23 0.29040966386554623 0.4979160839160839 0.11931197478991601 0.013622377622377318
26 0.23845588235294116 0.4256993006993007 0.013492647058823559 0.019251748251748232
28 0.3161029411764706 0.4259370629370629 0.014558823529411779 0.01813986013986018
29 0.3828098739495798 0.42534265734265736 0.014070378151260485 0.019335664335664398
27 0.45466386554621846 0.42553846153846153 0.014301470588235304 0.018937062937062887
21 0.25264705882352945 0.3263426573426574 0.04248424369747898 0.012370629370629408
21 0.2727573529411765 0.7039160839160838 0.04440651260504199 0.013377622377622455