22 0.5976890756302521 0.4996911673872761 0.5152310924369747 0.7646695491043854
26 0.49369747899159666 0.8072884496602841 0.01523109243697479 0.01605929586164299
28 0.49369747899159666 0.7161828289067326 0.014180672268907563 0.01605929586164299
29 0.49396008403361347 0.637739345274861 0.01365546218487395 0.015441630636195183
27 0.49396008403361347 0.5528103767757875 0.013130252100840336 0.01605929586164299
21 0.41911764705882354 0.7912291537986411 0.008403361344537815 0.05003088326127239
23 0.5491071428571429 0.7455219271155034 0.008403361344537815 0.14206300185299567
21 0.7024684873949579 0.7655960469425571 0.008928571428571428 0.0506485484867202
21 0.728203781512605 0.7665225447807289 0.007352941176470588 0.0506485484867202
21 0.7531512605042017 0.7662137121680049 0.008403361344537815 0.051266213712168
34 0.8061974789915967 0.6714021000617665 0.009978991596638655 0.2878319950586782
20 0.5835084033613446 0.4379246448424954 0.012605042016806723 0.10685608400247067
19 0.6021533613445378 0.4410129709697344 0.01050420168067227 0.10376775787523163