3 0.4955042016806723 0.018965034965034964 0.594327731092437 0.03630769230769231
30 0.23706932773109243 0.017482517482517484 0.07240021008403356 0.025272727272727273
7 0.7850210084033614 0.016538461538461537 0.015283613445378104 0.020692307692307694
14 0.6859558823529411 0.0963076923076923 0.2126155462184875 0.03343356643356644
9 0.718219537815126 0.06749650349650349 0.048566176470588134 0.013524475524475527
14 0.7696008403361344 0.06776923076923076 0.04209033613445372 0.014062937062937073
32 0.49939600840336135 0.15446853146853146 0.5485084033613444 0.045230769230769234
8 0.2378781512605042 0.15493706293706294 0.021428571428571404 0.011993006993006977
17 0.31797794117647055 0.1624755244755245 0.09666491596638653 0.027062937062937054
4 0.43478991596638655 0.16106293706293706 0.09361344537815126 0.02558741258741261
12 0.5218697478991596 0.15662237762237763 0.03514180672268912 0.014006993006993028
13 0.6005987394957983 0.15628671328671329 0.07831932773109238 0.014685314685314685
17 0.3404254201680672 0.20867132867132865 0.17797268907563019 0.014419580419580422
17 0.3854779411764706 0.24388111888111888 0.3580882352941175 0.021538461538461506
5 0.6059138655462185 0.2891118881118881 0.011060924369747871 0.015041958041958035
2 0.9867647058823529 0.6743846153846155 0.026470588235294166 0.15511188811188809
10 0.2801155462184874 0.6841188811188811 0.06157037815126051 0.016545454545454603
6 0.30480042016806724 0.6441958041958042 0.11122373949579831 0.015293706293706218
12 0.2726313025210084 0.8476923076923077 0.045446428571428554 0.01593006993007007
16 0.2717699579831933 0.806013986013986 0.04371848739495799 0.014999999999999873
8 0.22739495798319326 0.20843356643356645 0.022741596638655437 0.012902097902097934