18 0.9837184873949579 0.9695804195804196 0.029411764705882353 0.04195804195804196
22 0.5002626050420168 0.5636363636363636 0.6502100840336135 0.693006993006993
34 0.3539915966386555 0.8416083916083916 0.24632352941176472 0.013286713286713287
19 0.5498949579831933 0.5688811188811189 0.08823529411764706 0.011188811188811189
20 0.551733193277311 0.5444055944055944 0.09033613445378151 0.015384615384615385
23 0.29044117647058826 0.4979020979020979 0.11922268907563026 0.013286713286713287
26 0.23844537815126052 0.4258741258741259 0.01365546218487395 0.019580419580419582
28 0.3161764705882353 0.4258741258741259 0.014705882352941176 0.01818181818181818
29 0.38287815126050423 0.4251748251748252 0.014180672268907563 0.019580419580419582
27 0.45456932773109243 0.42552447552447553 0.014180672268907563 0.01888111888111888
21 0.25262605042016806 0.32622377622377624 0.04254201680672269 0.012587412587412588
21 0.27284663865546216 0.7038461538461539 0.044642857142857144 0.013286713286713287