18 0.9837237394957983 0.9733045089561458 0.030372899159663826 0.03706609017912305
22 0.5002048319327731 0.6148116121062385 0.6504674369747899 0.6061457689932059
26 0.23875 0.49267449042618894 0.013566176470588257 0.017720815318097344
28 0.316186974789916 0.4925818406423717 0.013823529411764672 0.016893143915997753
29 0.3828991596638655 0.4928968499073502 0.013114495798319342 0.01626312538604072
27 0.4550525210084033 0.492804200123533 0.013592436974789974 0.015441630636195183
21 0.2523529411764706 0.40485484867201976 0.04238445378151263 0.009962940086473198
23 0.29121323529411763 0.5576034589252626 0.12064600840336136 0.010092649783817262
21 0.27422268907563024 0.7381840642371834 0.04302521008403365 0.010778258184064126
21 0.2733876050420168 0.7682705373687461 0.04297268907563022 0.008857319332921646
21 0.2737079831932773 0.7976343421865348 0.043618697478991574 0.009938233477455309
34 0.35423319327731095 0.8600494132180359 0.24453256302521004 0.011859172328597787
20 0.5528151260504202 0.598060531192094 0.09099789915966398 0.015046324891908384
19 0.550204831932773 0.6200123533045091 0.08841386554621856 0.012458307597282317