3 0.4962394957983194 0.014247191011235954 0.5946271008403362 0.02837640449438202
30 0.2361502100840336 0.01353932584269663 0.07341386554621847 0.016955056179775278
7 0.7852783613445379 0.012797752808988764 0.01377100840336124 0.015471910112359545
5 0.6859033613445379 0.07776966292134832 0.21067752100840342 0.026808988764044958
9 0.7186974789915966 0.054404494382022474 0.050919117647058726 0.01030898876404494
14 0.7688077731092436 0.05449438202247191 0.04210084033613438 0.011112359550561798
5 0.27631302521008405 0.2841516853932584 0.12880777310924368 0.027213483146067384
2 0.9864863445378151 0.6598314606741573 0.027027310924369767 0.12353370786516847
16 0.24234768907563026 0.15691573033707865 0.07534138655462182 0.019505617977528106
5 0.3301418067226891 0.28038202247191013 0.017521008403361293 0.01988764044943819
5 0.7798792016806724 0.07846629213483146 0.02130252100840333 0.02385393258426965