1 0.495138 0.0854224 0.987649 0.102171 0.982345
22 0.496068 0.96433 0.649951 0.0713391 0.978803
2 0.978439 0.310745 0.0256677 0.022574 0.967584
3 0.494976 0.00382214 0.583863 0.00737566 0.954638
5 0.675818 0.0189313 0.212521 0.00682364 0.947735
11 0.495587 0.264449 0.0872413 0.00692908 0.893794
30 0.240741 0.00358531 0.0728139 0.00552004 0.890984
32 0.491889 0.0290084 0.563219 0.00998298 0.874008
9 0.753616 0.0125789 0.0490934 0.00330745 0.849018
4 0.430502 0.0301186 0.0946739 0.00567568 0.820322
8 0.223712 0.0287546 0.0189 0.00251359 0.817269
5 0.768743 0.0186807 0.0212365 0.0060878 0.775999
18 0.975407 0.992921 0.0274747 0.00896327 0.737311
17 0.291575 0.0300772 0.09493 0.00570265 0.733508
0 0.51311 0.911117 0.536582 0.0113411 0.725091
23 0.277238 0.96515 0.0883523 0.00309436 0.62253
12 0.581133 0.0292029 0.035733 0.00295549 0.58325
21 0.264126 0.952585 0.0605214 0.0028282 0.576692
12 0.523617 0.0305042 0.0418014 0.00410972 0.510617
7 0.772893 0.00371225 0.0132557 0.00442141 0.290944
19 0.26629 0.992972 0.0643459 0.00358659 0.250998
23 0.27152 0.959274 0.0743461 0.00287544 0.228186
16 0.495943 0.429226 0.176119 0.00751188 0.190839
1 0.495458 0.530174 0.58514 0.06478 0.188709
16 0.496221 0.6579 0.222971 0.00651665 0.172457
20 0.288937 0.978733 0.106564 0.00351312 0.151444
33 0.301753 0.984603 0.143287 0.0036228 0.139474
18 0.973352 0.982481 0.0302244 0.00920246 0.133024
2 0.031879 0.130531 0.0562865 0.00651989 0.127238
16 0.707963 0.0301164 0.0577261 0.00512011 0.106959
